1.111000000000000000e+03
1.112000000000000000e+03
1.113000000000000000e+03
1.114000000000000000e+03
1.121000000000000000e+03
1.122000000000000000e+03
1.123000000000000000e+03
1.124000000000000000e+03
1.131000000000000000e+03
1.132000000000000000e+03
1.133000000000000000e+03
1.134000000000000000e+03
1.141000000000000000e+03
1.142000000000000000e+03
1.143000000000000000e+03
1.144000000000000000e+03
1.211000000000000000e+03
1.212000000000000000e+03
1.213000000000000000e+03
1.214000000000000000e+03
1.221000000000000000e+03
1.222000000000000000e+03
1.223000000000000000e+03
1.224000000000000000e+03
1.231000000000000000e+03
1.232000000000000000e+03
1.233000000000000000e+03
1.234000000000000000e+03
1.241000000000000000e+03
1.242000000000000000e+03
1.243000000000000000e+03
1.244000000000000000e+03
1.311000000000000000e+03
1.312000000000000000e+03
1.313000000000000000e+03
1.314000000000000000e+03
1.321000000000000000e+03
1.322000000000000000e+03
1.323000000000000000e+03
1.324000000000000000e+03
1.331000000000000000e+03
1.332000000000000000e+03
1.333000000000000000e+03
1.334000000000000000e+03
1.341000000000000000e+03
1.342000000000000000e+03
1.343000000000000000e+03
1.344000000000000000e+03
1.411000000000000000e+03
1.412000000000000000e+03
1.413000000000000000e+03
1.414000000000000000e+03
1.421000000000000000e+03
1.422000000000000000e+03
1.423000000000000000e+03
1.424000000000000000e+03
1.431000000000000000e+03
1.432000000000000000e+03
1.433000000000000000e+03
1.434000000000000000e+03
1.441000000000000000e+03
1.442000000000000000e+03
1.443000000000000000e+03
1.444000000000000000e+03
1.511000000000000000e+03
1.512000000000000000e+03
1.513000000000000000e+03
1.514000000000000000e+03
1.521000000000000000e+03
1.522000000000000000e+03
1.523000000000000000e+03
1.524000000000000000e+03
1.531000000000000000e+03
1.532000000000000000e+03
1.533000000000000000e+03
1.534000000000000000e+03
1.541000000000000000e+03
1.542000000000000000e+03
1.543000000000000000e+03
1.544000000000000000e+03
1.611000000000000000e+03
1.612000000000000000e+03
1.613000000000000000e+03
1.614000000000000000e+03
1.621000000000000000e+03
1.622000000000000000e+03
1.623000000000000000e+03
1.624000000000000000e+03
1.631000000000000000e+03
1.632000000000000000e+03
1.633000000000000000e+03
1.634000000000000000e+03
1.641000000000000000e+03
1.642000000000000000e+03
1.643000000000000000e+03
1.644000000000000000e+03
2.111000000000000000e+03
2.112000000000000000e+03
2.113000000000000000e+03
2.114000000000000000e+03
2.121000000000000000e+03
2.122000000000000000e+03
2.123000000000000000e+03
2.124000000000000000e+03
2.131000000000000000e+03
2.132000000000000000e+03
2.133000000000000000e+03
2.134000000000000000e+03
2.141000000000000000e+03
2.142000000000000000e+03
2.143000000000000000e+03
2.144000000000000000e+03
2.211000000000000000e+03
2.212000000000000000e+03
2.213000000000000000e+03
2.214000000000000000e+03
2.221000000000000000e+03
2.222000000000000000e+03
2.223000000000000000e+03
2.224000000000000000e+03
2.231000000000000000e+03
2.232000000000000000e+03
2.233000000000000000e+03
2.234000000000000000e+03
2.241000000000000000e+03
2.242000000000000000e+03
2.243000000000000000e+03
2.244000000000000000e+03
2.311000000000000000e+03
2.312000000000000000e+03
2.313000000000000000e+03
2.314000000000000000e+03
2.321000000000000000e+03
2.322000000000000000e+03
2.323000000000000000e+03
2.324000000000000000e+03
2.331000000000000000e+03
2.332000000000000000e+03
2.333000000000000000e+03
2.334000000000000000e+03
2.341000000000000000e+03
2.342000000000000000e+03
2.343000000000000000e+03
2.344000000000000000e+03
2.411000000000000000e+03
2.412000000000000000e+03
2.413000000000000000e+03
2.414000000000000000e+03
2.421000000000000000e+03
2.422000000000000000e+03
2.423000000000000000e+03
2.424000000000000000e+03
2.431000000000000000e+03
2.432000000000000000e+03
2.433000000000000000e+03
2.434000000000000000e+03
2.441000000000000000e+03
2.442000000000000000e+03
2.443000000000000000e+03
2.444000000000000000e+03
2.511000000000000000e+03
2.512000000000000000e+03
2.513000000000000000e+03
2.514000000000000000e+03
2.521000000000000000e+03
2.522000000000000000e+03
2.523000000000000000e+03
2.524000000000000000e+03
2.531000000000000000e+03
2.532000000000000000e+03
2.533000000000000000e+03
2.534000000000000000e+03
2.541000000000000000e+03
2.542000000000000000e+03
2.543000000000000000e+03
2.544000000000000000e+03
2.611000000000000000e+03
2.612000000000000000e+03
2.613000000000000000e+03
2.614000000000000000e+03
2.621000000000000000e+03
2.622000000000000000e+03
2.623000000000000000e+03
2.624000000000000000e+03
2.631000000000000000e+03
2.632000000000000000e+03
2.633000000000000000e+03
2.634000000000000000e+03
2.641000000000000000e+03
2.642000000000000000e+03
2.643000000000000000e+03
2.644000000000000000e+03
3.111000000000000000e+03
3.112000000000000000e+03
3.113000000000000000e+03
3.114000000000000000e+03
3.121000000000000000e+03
3.122000000000000000e+03
3.123000000000000000e+03
3.124000000000000000e+03
3.131000000000000000e+03
3.132000000000000000e+03
3.133000000000000000e+03
3.134000000000000000e+03
3.141000000000000000e+03
3.142000000000000000e+03
3.143000000000000000e+03
3.144000000000000000e+03
3.211000000000000000e+03
3.212000000000000000e+03
3.213000000000000000e+03
3.214000000000000000e+03
3.221000000000000000e+03
3.222000000000000000e+03
3.223000000000000000e+03
3.224000000000000000e+03
3.231000000000000000e+03
3.232000000000000000e+03
3.233000000000000000e+03
3.234000000000000000e+03
3.241000000000000000e+03
3.242000000000000000e+03
3.243000000000000000e+03
3.244000000000000000e+03
3.311000000000000000e+03
3.312000000000000000e+03
3.313000000000000000e+03
3.314000000000000000e+03
3.321000000000000000e+03
3.322000000000000000e+03
3.323000000000000000e+03
3.324000000000000000e+03
3.331000000000000000e+03
3.332000000000000000e+03
3.333000000000000000e+03
3.334000000000000000e+03
3.341000000000000000e+03
3.342000000000000000e+03
3.343000000000000000e+03
3.344000000000000000e+03
3.411000000000000000e+03
3.412000000000000000e+03
3.413000000000000000e+03
3.414000000000000000e+03
3.421000000000000000e+03
3.422000000000000000e+03
3.423000000000000000e+03
3.424000000000000000e+03
3.431000000000000000e+03
3.432000000000000000e+03
3.433000000000000000e+03
3.434000000000000000e+03
3.441000000000000000e+03
3.442000000000000000e+03
3.443000000000000000e+03
3.444000000000000000e+03
3.511000000000000000e+03
3.512000000000000000e+03
3.513000000000000000e+03
3.514000000000000000e+03
3.521000000000000000e+03
3.522000000000000000e+03
3.523000000000000000e+03
3.524000000000000000e+03
3.531000000000000000e+03
3.532000000000000000e+03
3.533000000000000000e+03
3.534000000000000000e+03
3.541000000000000000e+03
3.542000000000000000e+03
3.543000000000000000e+03
3.544000000000000000e+03
3.611000000000000000e+03
3.612000000000000000e+03
3.613000000000000000e+03
3.614000000000000000e+03
3.621000000000000000e+03
3.622000000000000000e+03
3.623000000000000000e+03
3.624000000000000000e+03
3.631000000000000000e+03
3.632000000000000000e+03
3.633000000000000000e+03
3.634000000000000000e+03
3.641000000000000000e+03
3.642000000000000000e+03
3.643000000000000000e+03
3.644000000000000000e+03
4.111000000000000000e+03
4.112000000000000000e+03
4.113000000000000000e+03
4.114000000000000000e+03
4.121000000000000000e+03
4.122000000000000000e+03
4.123000000000000000e+03
4.124000000000000000e+03
4.131000000000000000e+03
4.132000000000000000e+03
4.133000000000000000e+03
4.134000000000000000e+03
4.141000000000000000e+03
4.142000000000000000e+03
4.143000000000000000e+03
4.144000000000000000e+03
4.211000000000000000e+03
4.212000000000000000e+03
4.213000000000000000e+03
4.214000000000000000e+03
4.221000000000000000e+03
4.222000000000000000e+03
4.223000000000000000e+03
4.224000000000000000e+03
4.231000000000000000e+03
4.232000000000000000e+03
4.233000000000000000e+03
4.234000000000000000e+03
4.241000000000000000e+03
4.242000000000000000e+03
4.243000000000000000e+03
4.244000000000000000e+03
4.311000000000000000e+03
4.312000000000000000e+03
4.313000000000000000e+03
4.314000000000000000e+03
4.321000000000000000e+03
4.322000000000000000e+03
4.323000000000000000e+03
4.324000000000000000e+03
4.331000000000000000e+03
4.332000000000000000e+03
4.333000000000000000e+03
4.334000000000000000e+03
4.341000000000000000e+03
4.342000000000000000e+03
4.343000000000000000e+03
4.344000000000000000e+03
4.411000000000000000e+03
4.412000000000000000e+03
4.413000000000000000e+03
4.414000000000000000e+03
4.421000000000000000e+03
4.422000000000000000e+03
4.423000000000000000e+03
4.424000000000000000e+03
4.431000000000000000e+03
4.432000000000000000e+03
4.433000000000000000e+03
4.434000000000000000e+03
4.441000000000000000e+03
4.442000000000000000e+03
4.443000000000000000e+03
4.444000000000000000e+03
4.511000000000000000e+03
4.512000000000000000e+03
4.513000000000000000e+03
4.514000000000000000e+03
4.521000000000000000e+03
4.522000000000000000e+03
4.523000000000000000e+03
4.524000000000000000e+03
4.531000000000000000e+03
4.532000000000000000e+03
4.533000000000000000e+03
4.534000000000000000e+03
4.541000000000000000e+03
4.542000000000000000e+03
4.543000000000000000e+03
4.544000000000000000e+03
4.611000000000000000e+03
4.612000000000000000e+03
4.613000000000000000e+03
4.614000000000000000e+03
4.621000000000000000e+03
4.622000000000000000e+03
4.623000000000000000e+03
4.624000000000000000e+03
4.631000000000000000e+03
4.632000000000000000e+03
4.633000000000000000e+03
4.634000000000000000e+03
4.641000000000000000e+03
4.642000000000000000e+03
4.643000000000000000e+03
4.644000000000000000e+03
5.111000000000000000e+03
5.112000000000000000e+03
5.113000000000000000e+03
5.114000000000000000e+03
5.121000000000000000e+03
5.122000000000000000e+03
5.123000000000000000e+03
5.124000000000000000e+03
5.131000000000000000e+03
5.132000000000000000e+03
5.133000000000000000e+03
5.134000000000000000e+03
5.141000000000000000e+03
5.142000000000000000e+03
5.143000000000000000e+03
5.144000000000000000e+03
5.211000000000000000e+03
5.212000000000000000e+03
5.213000000000000000e+03
5.214000000000000000e+03
5.221000000000000000e+03
5.222000000000000000e+03
5.223000000000000000e+03
5.224000000000000000e+03
5.231000000000000000e+03
5.232000000000000000e+03
5.233000000000000000e+03
5.234000000000000000e+03
5.241000000000000000e+03
5.242000000000000000e+03
5.243000000000000000e+03
5.244000000000000000e+03
5.311000000000000000e+03
5.312000000000000000e+03
5.313000000000000000e+03
5.314000000000000000e+03
5.321000000000000000e+03
5.322000000000000000e+03
5.323000000000000000e+03
5.324000000000000000e+03
5.331000000000000000e+03
5.332000000000000000e+03
5.333000000000000000e+03
5.334000000000000000e+03
5.341000000000000000e+03
5.342000000000000000e+03
5.343000000000000000e+03
5.344000000000000000e+03
5.411000000000000000e+03
5.412000000000000000e+03
5.413000000000000000e+03
5.414000000000000000e+03
5.421000000000000000e+03
5.422000000000000000e+03
5.423000000000000000e+03
5.424000000000000000e+03
5.431000000000000000e+03
5.432000000000000000e+03
5.433000000000000000e+03
5.434000000000000000e+03
5.441000000000000000e+03
5.442000000000000000e+03
5.443000000000000000e+03
5.444000000000000000e+03
5.511000000000000000e+03
5.512000000000000000e+03
5.513000000000000000e+03
5.514000000000000000e+03
5.521000000000000000e+03
5.522000000000000000e+03
5.523000000000000000e+03
5.524000000000000000e+03
5.531000000000000000e+03
5.532000000000000000e+03
5.533000000000000000e+03
5.534000000000000000e+03
5.541000000000000000e+03
5.542000000000000000e+03
5.543000000000000000e+03
5.544000000000000000e+03
5.611000000000000000e+03
5.612000000000000000e+03
5.613000000000000000e+03
5.614000000000000000e+03
5.621000000000000000e+03
5.622000000000000000e+03
5.623000000000000000e+03
5.624000000000000000e+03
5.631000000000000000e+03
5.632000000000000000e+03
5.633000000000000000e+03
5.634000000000000000e+03
5.641000000000000000e+03
5.642000000000000000e+03
5.643000000000000000e+03
5.644000000000000000e+03
6.111000000000000000e+03
6.112000000000000000e+03
6.113000000000000000e+03
6.114000000000000000e+03
6.121000000000000000e+03
6.122000000000000000e+03
6.123000000000000000e+03
6.124000000000000000e+03
6.131000000000000000e+03
6.132000000000000000e+03
6.133000000000000000e+03
6.134000000000000000e+03
6.141000000000000000e+03
6.142000000000000000e+03
6.143000000000000000e+03
6.144000000000000000e+03
6.211000000000000000e+03
6.212000000000000000e+03
6.213000000000000000e+03
6.214000000000000000e+03
6.221000000000000000e+03
6.222000000000000000e+03
6.223000000000000000e+03
6.224000000000000000e+03
6.231000000000000000e+03
6.232000000000000000e+03
6.233000000000000000e+03
6.234000000000000000e+03
6.241000000000000000e+03
6.242000000000000000e+03
6.243000000000000000e+03
6.244000000000000000e+03
6.311000000000000000e+03
6.312000000000000000e+03
6.313000000000000000e+03
6.314000000000000000e+03
6.321000000000000000e+03
6.322000000000000000e+03
6.323000000000000000e+03
6.324000000000000000e+03
6.331000000000000000e+03
6.332000000000000000e+03
6.333000000000000000e+03
6.334000000000000000e+03
6.341000000000000000e+03
6.342000000000000000e+03
6.343000000000000000e+03
6.344000000000000000e+03
6.411000000000000000e+03
6.412000000000000000e+03
6.413000000000000000e+03
6.414000000000000000e+03
6.421000000000000000e+03
6.422000000000000000e+03
6.423000000000000000e+03
6.424000000000000000e+03
6.431000000000000000e+03
6.432000000000000000e+03
6.433000000000000000e+03
6.434000000000000000e+03
6.441000000000000000e+03
6.442000000000000000e+03
6.443000000000000000e+03
6.444000000000000000e+03
6.511000000000000000e+03
6.512000000000000000e+03
6.513000000000000000e+03
6.514000000000000000e+03
6.521000000000000000e+03
6.522000000000000000e+03
6.523000000000000000e+03
6.524000000000000000e+03
6.531000000000000000e+03
6.532000000000000000e+03
6.533000000000000000e+03
6.534000000000000000e+03
6.541000000000000000e+03
6.542000000000000000e+03
6.543000000000000000e+03
6.544000000000000000e+03
6.611000000000000000e+03
6.612000000000000000e+03
6.613000000000000000e+03
6.614000000000000000e+03
6.621000000000000000e+03
6.622000000000000000e+03
6.623000000000000000e+03
6.624000000000000000e+03
6.631000000000000000e+03
6.632000000000000000e+03
6.633000000000000000e+03
6.634000000000000000e+03
6.641000000000000000e+03
6.642000000000000000e+03
6.643000000000000000e+03
6.644000000000000000e+03
7.111000000000000000e+03
7.112000000000000000e+03
7.113000000000000000e+03
7.114000000000000000e+03
7.121000000000000000e+03
7.122000000000000000e+03
7.123000000000000000e+03
7.124000000000000000e+03
7.131000000000000000e+03
7.132000000000000000e+03
7.133000000000000000e+03
7.134000000000000000e+03
7.141000000000000000e+03
7.142000000000000000e+03
7.143000000000000000e+03
7.144000000000000000e+03
7.211000000000000000e+03
7.212000000000000000e+03
7.213000000000000000e+03
7.214000000000000000e+03
7.221000000000000000e+03
7.222000000000000000e+03
7.223000000000000000e+03
7.224000000000000000e+03
7.231000000000000000e+03
7.232000000000000000e+03
7.233000000000000000e+03
7.234000000000000000e+03
7.241000000000000000e+03
7.242000000000000000e+03
7.243000000000000000e+03
7.244000000000000000e+03
7.311000000000000000e+03
7.312000000000000000e+03
7.313000000000000000e+03
7.314000000000000000e+03
7.321000000000000000e+03
7.322000000000000000e+03
7.323000000000000000e+03
7.324000000000000000e+03
7.331000000000000000e+03
7.332000000000000000e+03
7.333000000000000000e+03
7.334000000000000000e+03
7.341000000000000000e+03
7.342000000000000000e+03
7.343000000000000000e+03
7.344000000000000000e+03
7.411000000000000000e+03
7.412000000000000000e+03
7.413000000000000000e+03
7.414000000000000000e+03
7.421000000000000000e+03
7.422000000000000000e+03
7.423000000000000000e+03
7.424000000000000000e+03
7.431000000000000000e+03
7.432000000000000000e+03
7.433000000000000000e+03
7.434000000000000000e+03
7.441000000000000000e+03
7.442000000000000000e+03
7.443000000000000000e+03
7.444000000000000000e+03
7.511000000000000000e+03
7.512000000000000000e+03
7.513000000000000000e+03
7.514000000000000000e+03
7.521000000000000000e+03
7.522000000000000000e+03
7.523000000000000000e+03
7.524000000000000000e+03
7.531000000000000000e+03
7.532000000000000000e+03
7.533000000000000000e+03
7.534000000000000000e+03
7.541000000000000000e+03
7.542000000000000000e+03
7.543000000000000000e+03
7.544000000000000000e+03
7.611000000000000000e+03
7.612000000000000000e+03
7.613000000000000000e+03
7.614000000000000000e+03
7.621000000000000000e+03
7.622000000000000000e+03
7.623000000000000000e+03
7.624000000000000000e+03
7.631000000000000000e+03
7.632000000000000000e+03
7.633000000000000000e+03
7.634000000000000000e+03
7.641000000000000000e+03
7.642000000000000000e+03
7.643000000000000000e+03
7.644000000000000000e+03
8.111000000000000000e+03
8.112000000000000000e+03
8.113000000000000000e+03
8.114000000000000000e+03
8.121000000000000000e+03
8.122000000000000000e+03
8.123000000000000000e+03
8.124000000000000000e+03
8.131000000000000000e+03
8.132000000000000000e+03
8.133000000000000000e+03
8.134000000000000000e+03
8.141000000000000000e+03
8.142000000000000000e+03
8.143000000000000000e+03
8.144000000000000000e+03
8.211000000000000000e+03
8.212000000000000000e+03
8.213000000000000000e+03
8.214000000000000000e+03
8.221000000000000000e+03
8.222000000000000000e+03
8.223000000000000000e+03
8.224000000000000000e+03
8.231000000000000000e+03
8.232000000000000000e+03
8.233000000000000000e+03
8.234000000000000000e+03
8.241000000000000000e+03
8.242000000000000000e+03
8.243000000000000000e+03
8.244000000000000000e+03
8.311000000000000000e+03
8.312000000000000000e+03
8.313000000000000000e+03
8.314000000000000000e+03
8.321000000000000000e+03
8.322000000000000000e+03
8.323000000000000000e+03
8.324000000000000000e+03
8.331000000000000000e+03
8.332000000000000000e+03
8.333000000000000000e+03
8.334000000000000000e+03
8.341000000000000000e+03
8.342000000000000000e+03
8.343000000000000000e+03
8.344000000000000000e+03
8.411000000000000000e+03
8.412000000000000000e+03
8.413000000000000000e+03
8.414000000000000000e+03
8.421000000000000000e+03
8.422000000000000000e+03
8.423000000000000000e+03
8.424000000000000000e+03
8.431000000000000000e+03
8.432000000000000000e+03
8.433000000000000000e+03
8.434000000000000000e+03
8.441000000000000000e+03
8.442000000000000000e+03
8.443000000000000000e+03
8.444000000000000000e+03
8.511000000000000000e+03
8.512000000000000000e+03
8.513000000000000000e+03
8.514000000000000000e+03
8.521000000000000000e+03
8.522000000000000000e+03
8.523000000000000000e+03
8.524000000000000000e+03
8.531000000000000000e+03
8.532000000000000000e+03
8.533000000000000000e+03
8.534000000000000000e+03
8.541000000000000000e+03
8.542000000000000000e+03
8.543000000000000000e+03
8.544000000000000000e+03
8.611000000000000000e+03
8.612000000000000000e+03
8.613000000000000000e+03
8.614000000000000000e+03
8.621000000000000000e+03
8.622000000000000000e+03
8.623000000000000000e+03
8.624000000000000000e+03
8.631000000000000000e+03
8.632000000000000000e+03
8.633000000000000000e+03
8.634000000000000000e+03
8.641000000000000000e+03
8.642000000000000000e+03
8.643000000000000000e+03
8.644000000000000000e+03
