_________________________________________________________________
layer 0 -----
[<tf.Variable 'dense/kernel:0' shape=(4, 19) dtype=float32, numpy=
array([[-0.2923859 , -0.3421064 , -0.28767252,  0.08739372,  0.25377697,
        -0.26166168,  0.02930687,  0.5264661 ,  0.15404809, -0.1560275 ,
         0.27932972, -0.12469118,  0.22886434,  0.17498133,  0.294436  ,
         0.07584533,  0.02106625, -0.30224183,  0.23964517],
       [-0.4713406 , -0.4066116 , -0.15734343, -0.05757787,  0.34012613,
         0.18044749, -0.46959284, -0.16756928,  0.5283504 , -0.06162446,
         0.40558848,  0.19979647,  0.18192188, -0.21324708,  0.13100627,
        -0.1147526 , -0.28537622,  0.12098904, -0.06816222],
       [ 0.4448766 , -0.3488452 ,  0.42829818,  0.50378674,  0.04284688,
         0.17040703,  0.2560356 , -0.00659928, -0.03682277, -0.33172002,
        -0.30432817, -0.33480653, -0.38974446,  0.35822535, -0.04793952,
         0.08372092,  0.20445986, -0.16963412, -0.202815  ],
       [ 0.13471095, -0.37640485, -0.37780318,  0.39131784,  0.45238462,
        -0.23427564, -0.3460531 ,  0.060651  , -0.0700934 ,  0.16448005,
        -0.44620264, -0.10283681, -0.51562023, -0.3005682 ,  0.18635911,
        -0.03475235,  0.1913344 ,  0.03268902, -0.5541744 ]],
      dtype=float32)>]
layer 1 -----
[<tf.Variable 'dense_1/kernel:0' shape=(19, 4) dtype=float32, numpy=
array([[-0.30708033, -0.25196573, -0.09039608,  0.2379983 ],
       [ 0.10817106,  0.384639  , -0.06284434, -0.11854663],
       [-0.35606313,  0.4356127 ,  0.27061936, -0.15330437],
       [ 0.48945782, -0.15863352, -0.26735443,  0.02612303],
       [-0.1765017 , -0.43846115,  0.41322854,  0.24855591],
       [ 0.2938918 , -0.17637119, -0.2313007 , -0.36409473],
       [ 0.33216533, -0.2543707 , -0.3267299 , -0.29841825],
       [ 0.20259677, -0.02971219, -0.270651  , -0.2903107 ],
       [ 0.07649349,  0.43536606,  0.08149154,  0.40690404],
       [-0.3134667 , -0.07361798, -0.25705928, -0.29603422],
       [-0.40340358,  0.22823268, -0.26900342, -0.06934667],
       [ 0.30101442,  0.21505842,  0.11391833, -0.2712827 ],
       [-0.35315442, -0.3484493 , -0.1525215 ,  0.4692604 ],
       [ 0.4518767 ,  0.07861857,  0.0501892 ,  0.299808  ],
       [-0.05854558,  0.00152722,  0.2822071 , -0.3421914 ],
       [-0.41583636, -0.222507  ,  0.25301513,  0.38210633],
       [-0.42059445,  0.48962626, -0.1398363 , -0.26508626],
       [ 0.2832861 ,  0.19931646, -0.02906059,  0.11458459],
       [-0.377513  , -0.34573153, -0.02025684, -0.42825562]],
      dtype=float32)>, <tf.Variable 'dense_1/bias:0' shape=(4,) dtype=float32, numpy=array([ 0.05882062,  0.05350536, -0.03653086, -0.01723853], dtype=float32)>]

Process finished with exit code 0
