layer 0 ----- 
[<tf.Variable 'dense/kernel:0' shape=(5, 19) dtype=float32, numpy=
array([[-0.4531228 , -0.41225803, -0.2886989 , -0.28088218,  0.3009513 ,
        -0.45798466,  0.269461  ,  0.3131549 ,  0.10004511, -0.20923382,
         0.4386168 ,  0.42946184, -0.44837892, -0.3865162 ,  0.32176104,
         0.499545  , -0.47729903, -0.52223724,  0.0945929 ],
       [ 0.50184536, -0.42064923,  0.46206823, -0.28894484, -0.10897584,
         0.32833287, -0.00568402,  0.33620757, -0.4391356 , -0.04095342,
        -0.21251811,  0.12115027,  0.54520875, -0.30995676, -0.1982729 ,
         0.02236694,  0.17297469, -0.13392209, -0.25229532],
       [ 0.07135881,  0.40167102,  0.09674307, -0.36195827, -0.05135024,
         0.25865114, -0.00094015,  0.28030103,  0.2905481 , -0.50539875,
        -0.09764276,  0.17123857,  0.33635888, -0.00577513,  0.46089953,
        -0.08528822,  0.4711267 ,  0.41149563,  0.31912792],
       [ 0.06636861, -0.378865  ,  0.09078537, -0.01868737, -0.11881065,
         0.15529276, -0.26090303, -0.39437562,  0.25210688,  0.23387891,
         0.3139864 , -0.41623122,  0.34320125, -0.13062686, -0.29945606,
        -0.07039168,  0.25476828,  0.15377493, -0.51517534],
       [ 0.21406479, -0.21032749, -0.15439679, -0.01234326,  0.26491174,
         0.17527395,  0.44107512, -0.3161736 , -0.12176777, -0.47891164,
         0.02524484,  0.12119073, -0.09674237,  0.08319478,  0.24841559,
        -0.01107211, -0.3800887 ,  0.12434541, -0.04307763]],
      dtype=float32)>]
layer 1 ----- 
[<tf.Variable 'dense_1/kernel:0' shape=(19, 1) dtype=float32, numpy=
array([[ 0.50573015],
       [ 0.3888959 ],
       [ 0.05327775],
       [-0.45147657],
       [-0.42809016],
       [-0.36830336],
       [ 0.10666961],
       [-0.20036414],
       [ 0.40527198],
       [-0.376949  ],
       [-0.04922802],
       [-0.09946276],
       [ 0.29667008],
       [ 0.5513647 ],
       [-0.25247586],
       [ 0.4392903 ],
       [-0.25664368],
       [-0.40061083],
       [-0.05562728]], dtype=float32)>, <tf.Variable 'dense_1/bias:0' shape=(1,) dtype=float32, numpy=array([0.06039629], dtype=float32)>]

