1.111100000000000000e+04 -6.979252864455932404e+00
1.111200000000000000e+04 -4.492228869605770392e+00
1.111300000000000000e+04 -1.459229416726212847e+01
1.111400000000000000e+04 -8.096347097903906942e+00
1.112100000000000000e+04 -8.502017689717009219e+00
1.112200000000000000e+04 -1.185589934882435026e+00
1.112300000000000000e+04 -1.866703495866910245e+01
1.112400000000000000e+04 -8.120793521586808339e+00
1.113100000000000000e+04 -2.739764302130682783e+00
1.113200000000000000e+04 -4.896657742204953756e+00
1.113300000000000000e+04 -1.962337200009085336e+01
1.113400000000000000e+04 -5.703648741128708011e+00
1.114100000000000000e+04 -4.268372553406952541e+00
1.114200000000000000e+04 -7.039962470082837598e+00
1.114300000000000000e+04 -1.600519156017771749e+01
1.114400000000000000e+04 -5.997908244259888555e+00
1.121100000000000000e+04 -4.466498640934593034e+00
1.121200000000000000e+04 -4.229057842027544867e-01
1.121300000000000000e+04 -1.028794845447803752e+01
1.121400000000000000e+04 -6.425534195230846457e+00
1.122100000000000000e+04 -5.309941561605123539e+00
1.122200000000000000e+04 -4.471478130661221129e-01
1.122300000000000000e+04 -1.319837999075182466e+01
1.122400000000000000e+04 -6.747298182344813711e+00
1.123100000000000000e+04 -1.812979959711723321e+00
1.123200000000000000e+04 -6.757730170335832121e+00
1.123300000000000000e+04 -1.457988300073140309e+01
1.123400000000000000e+04 -3.572357592981133312e+00
1.124100000000000000e+04 -8.803945132006494312e-01
1.124200000000000000e+04 -6.645349429413980324e+00
1.124300000000000000e+04 -1.354403663530971258e+01
1.124400000000000000e+04 -2.598579937814744945e+00
1.131100000000000000e+04 -2.797833306017533328e+00
1.131200000000000000e+04 -1.838468154171965629e+00
1.131300000000000000e+04 -8.089344182505392666e+00
1.131400000000000000e+04 -6.840125888618960204e+00
1.132100000000000000e+04 -3.833664967633982901e+00
1.132200000000000000e+04 -1.247619693294086174e+00
1.132300000000000000e+04 -9.509856928373380924e+00
1.132400000000000000e+04 -6.579864760152103642e+00
1.133100000000000000e+04 -1.872599720825891323e+00
1.133200000000000000e+04 -7.616855398600549165e+00
1.133300000000000000e+04 -1.241151134190538485e+01
1.133400000000000000e+04 -5.228249680088459250e+00
1.134100000000000000e+04 -1.315747298769670559e+00
1.134200000000000000e+04 -7.303904114764680600e+00
1.134300000000000000e+04 -1.182353577159286040e+01
1.134400000000000000e+04 -5.225237117311065660e+00
1.142400000000000000e+04 -4.476422184808275251e-01
1.144100000000000000e+04 -9.675223790332226903e-02
1.212100000000000000e+04 -5.039176233342512745e+00
1.212200000000000000e+04 -1.857599628378616696e+00
1.212300000000000000e+04 -1.793360666091167133e+01
1.212400000000000000e+04 -4.769628562062340649e+00
1.213100000000000000e+04 -4.001159414555973903e+00
1.213200000000000000e+04 -2.809688723653829712e+00
1.213300000000000000e+04 -1.848607907841276798e+01
1.213400000000000000e+04 -4.032518891740841660e+00
1.222100000000000000e+04 -3.665333759941336034e+00
1.222200000000000000e+04 -2.940285861925637789e-01
1.222300000000000000e+04 -1.149863260959389777e+01
1.222400000000000000e+04 -6.693963908205875057e+00
1.223100000000000000e+04 -2.291596875450425674e+00
1.223200000000000000e+04 -5.191232455968904702e+00
1.223300000000000000e+04 -1.434348941914008613e+01
1.223400000000000000e+04 -3.035280022425283164e+00
1.232100000000000000e+04 -3.549156575998434704e+00
1.232200000000000000e+04 -2.228396611739879241e+00
1.232300000000000000e+04 -9.408714301068009433e+00
1.232400000000000000e+04 -6.770415421977128645e+00
1.233100000000000000e+04 -1.487683482506749533e+00
1.233200000000000000e+04 -5.345364078701011046e+00
1.233300000000000000e+04 -1.155946640656574331e+01
1.233400000000000000e+04 -4.958980617205281050e+00
1.242200000000000000e+04 -3.457819717815341365e-01
1.242300000000000000e+04 -2.204101876294993212e-01
1.242400000000000000e+04 -1.714052428913959591e+00
1.243100000000000000e+04 -1.905412939056036203e-01
1.243200000000000000e+04 -6.393505718961652873e-01
1.243300000000000000e+04 -2.717680642461775875e+00
1.243400000000000000e+04 -6.500287009413902028e-01
1.312100000000000000e+04 -4.551381714143503565e+00
1.312200000000000000e+04 -2.757124178210917931e-01
1.312300000000000000e+04 -1.429909487874906127e+01
1.312400000000000000e+04 -4.959238981214030950e+00
1.313100000000000000e+04 -4.070865786943582698e+00
1.313200000000000000e+04 -1.168822444026378804e+00
1.313300000000000000e+04 -1.413854995475394816e+01
1.313400000000000000e+04 -5.088088850800279062e+00
1.322100000000000000e+04 -4.555287823647645062e+00
1.322200000000000000e+04 -6.889151845632534021e-01
1.322300000000000000e+04 -9.020906210061937713e+00
1.322400000000000000e+04 -4.417938412102289547e+00
1.323100000000000000e+04 -1.898816314058030308e+00
1.323200000000000000e+04 -2.182656891705193392e+00
1.323300000000000000e+04 -1.274642371036939004e+01
1.323400000000000000e+04 -4.107953650692473424e+00
1.332100000000000000e+04 -2.570575149706478157e+00
1.332200000000000000e+04 -2.075582362401704017e+00
1.332300000000000000e+04 -8.642380363127553977e+00
1.332400000000000000e+04 -6.110316730221663661e+00
1.333100000000000000e+04 -1.177937549932084105e+00
1.333200000000000000e+04 -4.496956624522669976e+00
1.333300000000000000e+04 -1.093120511904121095e+01
1.333400000000000000e+04 -4.479575024758160495e+00
1.342100000000000000e+04 -3.857534293093540234e-01
1.342200000000000000e+04 -1.344541270170404701e+00
1.342300000000000000e+04 -3.505769056905259085e+00
1.342400000000000000e+04 -3.837189571176033986e+00
1.343100000000000000e+04 -2.286315200605869569e-01
1.343200000000000000e+04 -1.825233597298181687e+00
1.343300000000000000e+04 -6.265384803257123991e+00
1.343400000000000000e+04 -1.675014208396097493e+00
1.412100000000000000e+04 -4.435215257396876609e+00
1.412200000000000000e+04 -4.487706101710919881e-01
1.412300000000000000e+04 -1.286835550448589949e+01
1.412400000000000000e+04 -4.059386263445617260e+00
1.413100000000000000e+04 -4.047898420652067841e+00
1.413200000000000000e+04 -1.094715413933225134e+00
1.413300000000000000e+04 -1.366376397110337138e+01
1.413400000000000000e+04 -5.196448399035970667e+00
1.422100000000000000e+04 -2.454167861199958001e+00
1.422200000000000000e+04 -1.427001171184379302e+00
1.422300000000000000e+04 -9.232778358859636825e+00
1.422400000000000000e+04 -4.555663613561456771e+00
1.423100000000000000e+04 -1.049617986727845453e+00
1.423200000000000000e+04 -8.204633104053455916e-01
1.423300000000000000e+04 -1.189864665112569320e+01
1.423400000000000000e+04 -4.387399722458657614e+00
1.432100000000000000e+04 -2.873364582328401529e+00
1.432200000000000000e+04 -2.838469252225303219e+00
1.432300000000000000e+04 -7.567069520718298747e+00
1.432400000000000000e+04 -4.441242180582860577e+00
1.433100000000000000e+04 -6.922000325234389795e-01
1.433200000000000000e+04 -2.810057247075883780e+00
1.433300000000000000e+04 -9.384439739921578649e+00
1.433400000000000000e+04 -4.661459686039333583e+00
1.434200000000000000e+04 -4.268921322399034102e-01
1.434300000000000000e+04 -5.592759073809550063e-01
1.434400000000000000e+04 -9.176920266149565242e-01
1.442100000000000000e+04 -1.773966958746674649e+00
1.442200000000000000e+04 -1.961316229477119144e+00
1.442300000000000000e+04 -5.641055773542658969e+00
1.442400000000000000e+04 -6.337639309109121655e+00
1.443100000000000000e+04 -1.400331623495353339e+00
1.443200000000000000e+04 -5.105842948475223686e+00
1.443300000000000000e+04 -8.523400470149336883e+00
1.443400000000000000e+04 -5.952124149113277696e+00
1.522100000000000000e+04 -1.413842072292623930e+00
1.522200000000000000e+04 -2.240897174321095697e+00
1.522300000000000000e+04 -8.623999632625766409e+00
1.522400000000000000e+04 -5.129216051501104268e+00
1.523100000000000000e+04 -1.193877823223755019e+00
1.523200000000000000e+04 -1.433778930440970711e+00
1.523300000000000000e+04 -1.093920766796247079e+01
1.523400000000000000e+04 -5.831514918683243565e+00
1.532100000000000000e+04 -1.408805503826401795e+00
1.532200000000000000e+04 -2.543933485716050491e+00
1.532300000000000000e+04 -7.865294317732429263e+00
1.532400000000000000e+04 -4.770165404290083622e+00
1.533100000000000000e+04 -1.296226686094744673e+00
1.533200000000000000e+04 -1.380373101051967089e+00
1.533300000000000000e+04 -1.025259306335913401e+01
1.533400000000000000e+04 -6.371368790834536888e+00
1.542100000000000000e+04 -1.811287025937500017e+00
1.542200000000000000e+04 -5.246386598335456952e+00
1.542300000000000000e+04 -6.633602525806726824e+00
1.542400000000000000e+04 -6.552030189014479866e+00
1.543100000000000000e+04 -1.748567638426588244e+00
1.543200000000000000e+04 -4.659564231878127849e+00
1.543300000000000000e+04 -8.639291055856638479e+00
1.543400000000000000e+04 -7.452362104074619964e+00
1.622100000000000000e+04 -1.279906699180927587e+00
1.622200000000000000e+04 -3.121108774958516463e+00
1.622300000000000000e+04 -8.419676633920154529e+00
1.622400000000000000e+04 -5.979356656774176493e+00
1.623100000000000000e+04 -1.327769527055428833e+00
1.623200000000000000e+04 -1.296165554030236367e+00
1.623300000000000000e+04 -9.493482650055831584e+00
1.623400000000000000e+04 -6.361928163632498467e+00
1.632100000000000000e+04 -1.590539098478709112e+00
1.632200000000000000e+04 -4.273185054436122954e+00
1.632300000000000000e+04 -7.039196411052948577e+00
1.632400000000000000e+04 -5.700198743773706056e+00
1.633100000000000000e+04 -1.426713953082084263e+00
1.633200000000000000e+04 -2.020601921039749893e+00
1.633300000000000000e+04 -9.290745756548600909e+00
1.633400000000000000e+04 -6.483665312718765783e+00
1.642100000000000000e+04 -1.867139788327180749e+00
1.642200000000000000e+04 -6.663077182750740235e+00
1.642300000000000000e+04 -6.937577743968976307e+00
1.642400000000000000e+04 -6.285080507339703360e+00
1.643100000000000000e+04 -3.543670390628101519e+00
1.643200000000000000e+04 -4.650790826881448403e+00
1.643300000000000000e+04 -8.620779010000319431e+00
1.643400000000000000e+04 -7.640920921789160047e+00
2.111100000000000000e+04 -8.113865663544276075e+00
2.111200000000000000e+04 -4.351437790820037677e+00
2.111300000000000000e+04 -1.125697706793450692e+01
2.111400000000000000e+04 -1.008406354699906693e+01
2.114100000000000000e+04 -4.526896528925488994e+00
2.114200000000000000e+04 -5.919264257116917172e+00
2.114300000000000000e+04 -1.321986768855220973e+01
2.114400000000000000e+04 -8.499172175656006800e+00
2.121100000000000000e+04 -5.409438783999323874e+00
2.121200000000000000e+04 -1.184503240840252936e+00
2.121300000000000000e+04 -8.581651447253364040e+00
2.121400000000000000e+04 -6.839689304160306627e+00
2.124100000000000000e+04 -2.115640669041559008e+00
2.124200000000000000e+04 -6.484312243305701884e+00
2.124300000000000000e+04 -1.083454069417851962e+01
2.124400000000000000e+04 -4.412666304441463794e+00
2.131100000000000000e+04 -4.806718997106147917e+00
2.131200000000000000e+04 -1.535253745320468211e+00
2.131300000000000000e+04 -8.888059041038740560e+00
2.131400000000000000e+04 -6.986863797552410382e+00
2.134100000000000000e+04 -1.029681585051911430e+00
2.134200000000000000e+04 -7.491217887196372160e+00
2.134300000000000000e+04 -1.095518522178757514e+01
2.134400000000000000e+04 -5.252103818693419690e+00
2.141200000000000000e+04 -1.114167142926856480e+00
2.141300000000000000e+04 -2.074543454650144447e+00
2.141400000000000000e+04 -5.682056917213094138e-01
2.144100000000000000e+04 9.624011426440183536e-03
2.144200000000000000e+04 -3.980000000000000204e-01
2.144300000000000000e+04 -9.612756959269330714e-01
2.211100000000000000e+04 -5.288096343336145644e+00
2.211200000000000000e+04 -3.588471021923470783e+00
2.211300000000000000e+04 -1.006900225868555587e+01
2.211400000000000000e+04 -8.532353239999171279e+00
2.212100000000000000e+04 -6.517516906591901638e+00
2.212200000000000000e+04 -1.424286152402910233e+00
2.212300000000000000e+04 -1.246236571542358895e+01
2.212400000000000000e+04 -5.870457391953386228e+00
2.213100000000000000e+04 -3.105143163552353425e+00
2.213200000000000000e+04 -3.285951379527427996e+00
2.213300000000000000e+04 -1.318653582198209762e+01
2.213400000000000000e+04 -5.467782114253369130e+00
2.214100000000000000e+04 -4.141516142736022310e+00
2.214200000000000000e+04 -4.411111998113288912e+00
2.214300000000000000e+04 -1.065835411466763105e+01
2.214400000000000000e+04 -7.183869710009813225e+00
2.221100000000000000e+04 -4.882513810568712032e+00
2.221200000000000000e+04 -9.947864685585783295e-01
2.221300000000000000e+04 -9.093581409952578909e+00
2.221400000000000000e+04 -7.155780187077274590e+00
2.222100000000000000e+04 -3.694575036134167156e+00
2.222200000000000000e+04 -1.489466391229976816e+00
2.222300000000000000e+04 -1.020099323397595903e+01
2.222400000000000000e+04 -6.256806766197768432e+00
2.223100000000000000e+04 -2.699645942077390171e+00
2.223200000000000000e+04 -4.342179404711084878e+00
2.223300000000000000e+04 -1.240144748081549153e+01
2.223400000000000000e+04 -3.946532232433581200e+00
2.224100000000000000e+04 -1.975092608853702192e+00
2.224200000000000000e+04 -3.836354902054141647e+00
2.224300000000000000e+04 -1.010667474815072886e+01
2.224400000000000000e+04 -4.869014689276858654e+00
2.231100000000000000e+04 -3.693217638884910947e+00
2.231200000000000000e+04 -1.550311555314809020e+00
2.231300000000000000e+04 -7.244285331547076545e+00
2.231400000000000000e+04 -7.165144029265983150e+00
2.232100000000000000e+04 -3.522110128492393244e+00
2.232200000000000000e+04 -2.366705014476152780e+00
2.232300000000000000e+04 -8.419179268633776303e+00
2.232400000000000000e+04 -6.931068932280473938e+00
2.233100000000000000e+04 -1.101793366582928702e+00
2.233200000000000000e+04 -5.784805404877550572e+00
2.233300000000000000e+04 -1.039310450702625133e+01
2.233400000000000000e+04 -5.108022608734244407e+00
2.234100000000000000e+04 -6.235923047886466897e-01
2.234200000000000000e+04 -6.610764885393223267e+00
2.234300000000000000e+04 -8.903507074856934267e+00
2.234400000000000000e+04 -5.712082418897177050e+00
2.241100000000000000e+04 -7.071544571873007445e-01
2.241200000000000000e+04 -4.700766408054544154e-01
2.241300000000000000e+04 -1.162857630177238866e+00
2.241400000000000000e+04 -9.828430843743187761e-01
2.242100000000000000e+04 -3.143086940464246415e-01
2.242200000000000000e+04 -2.940200000000000036e-01
2.242300000000000000e+04 -2.449002084772214261e+00
2.242400000000000000e+04 -5.000000000000000000e-01
2.243100000000000000e+04 -8.101787761275922040e-02
2.243200000000000000e+04 -3.980000000000000204e-01
2.243300000000000000e+04 -1.012028916181638927e+00
2.243400000000000000e+04 -6.744021501442012401e-01
2.244200000000000000e+04 -2.000000000000000111e-01
2.312100000000000000e+04 -4.770233606030755524e+00
2.312200000000000000e+04 -1.125530782888654269e+00
2.312300000000000000e+04 -1.288164180247420632e+01
2.312400000000000000e+04 -5.224853634108058031e+00
2.313100000000000000e+04 -3.068373614991497078e+00
2.313200000000000000e+04 -1.677121809058906621e+00
2.313300000000000000e+04 -1.238783812881381685e+01
2.313400000000000000e+04 -6.354847422536179735e+00
2.322100000000000000e+04 -3.752373320007473367e+00
2.322200000000000000e+04 -1.056708343463859556e+00
2.322300000000000000e+04 -1.013152463321698526e+01
2.322400000000000000e+04 -6.188712325652249824e+00
2.323100000000000000e+04 -1.551277338355299351e+00
2.323200000000000000e+04 -3.844110973395669539e+00
2.323300000000000000e+04 -1.145030351001048174e+01
2.323400000000000000e+04 -5.183719080510069688e+00
2.332100000000000000e+04 -3.109400931398623058e+00
2.332200000000000000e+04 -2.211577359067256054e+00
2.332300000000000000e+04 -7.759607186811248170e+00
2.332400000000000000e+04 -5.943293316881935517e+00
2.333100000000000000e+04 -9.997571139702345899e-01
2.333200000000000000e+04 -4.712950236579314556e+00
2.333300000000000000e+04 -1.086712083710532895e+01
2.333400000000000000e+04 -5.661482081007147116e+00
2.342100000000000000e+04 3.086620264544454040e-03
2.342200000000000000e+04 -8.376922118402037043e-01
2.342300000000000000e+04 -3.357113578669455034e+00
2.342400000000000000e+04 -4.091174352458993191e+00
2.343100000000000000e+04 -3.543173838993206592e-01
2.343200000000000000e+04 -1.904126402588807832e+00
2.343300000000000000e+04 -4.115700211714125700e+00
2.343400000000000000e+04 -2.313926042069381239e+00
2.412100000000000000e+04 -4.103176048174737467e+00
2.412200000000000000e+04 -1.554398286717025846e+00
2.412300000000000000e+04 -1.008834283236202367e+01
2.412400000000000000e+04 -4.756229131392822218e+00
2.413100000000000000e+04 -3.105194493968024716e+00
2.413200000000000000e+04 -1.237597406069040673e+00
2.413300000000000000e+04 -1.127746851294078745e+01
2.413400000000000000e+04 -4.935571290364512365e+00
2.422100000000000000e+04 -3.465890710368216610e+00
2.422200000000000000e+04 -8.060017137031203482e-01
2.422300000000000000e+04 -9.971449594283875228e+00
2.422400000000000000e+04 -4.785379181924860781e+00
2.423100000000000000e+04 -1.508132112497543531e+00
2.423200000000000000e+04 -1.581875094587396280e+00
2.423300000000000000e+04 -1.006633062712365501e+01
2.423400000000000000e+04 -5.223783289239543492e+00
2.432100000000000000e+04 -2.429764028311288016e+00
2.432200000000000000e+04 -3.191331754988328662e+00
2.432300000000000000e+04 -7.466258922015281740e+00
2.432400000000000000e+04 -5.540714936640769750e+00
2.433100000000000000e+04 -1.378896487757399925e+00
2.433200000000000000e+04 -3.266967269957937514e+00
2.433300000000000000e+04 -9.127192753111671664e+00
2.433400000000000000e+04 -5.192400784723369078e+00
2.434200000000000000e+04 -2.000000000000000111e-01
2.442100000000000000e+04 -2.369509653739132471e+00
2.442200000000000000e+04 -3.639178045668626460e+00
2.442300000000000000e+04 -5.977056386358445828e+00
2.442400000000000000e+04 -4.096463566344841212e+00
2.443100000000000000e+04 -9.390679860986821392e-01
2.443200000000000000e+04 -4.138716449901546746e+00
2.443300000000000000e+04 -8.968456312330786773e+00
2.443400000000000000e+04 -6.017564930096352072e+00
2.512100000000000000e+04 -2.264891916510048286e+00
2.512200000000000000e+04 -1.204778700410368053e+00
2.512300000000000000e+04 -1.039888448956397760e+01
2.512400000000000000e+04 -5.527633649151360906e+00
2.513100000000000000e+04 -2.272413649827190074e+00
2.513200000000000000e+04 -1.240093598114180962e+00
2.513300000000000000e+04 -1.203221486611898072e+01
2.513400000000000000e+04 -6.969004318355703553e+00
2.522100000000000000e+04 -3.443700486642719660e+00
2.522200000000000000e+04 -1.714735915723909265e+00
2.522300000000000000e+04 -8.469220906161435636e+00
2.522400000000000000e+04 -4.522441031903386310e+00
2.523100000000000000e+04 -1.966183126747230503e+00
2.523200000000000000e+04 -1.360756171194862585e+00
2.523300000000000000e+04 -9.981497379143000614e+00
2.523400000000000000e+04 -5.821239829052403003e+00
2.524100000000000000e+04 -1.311723164446177425e-01
2.524400000000000000e+04 -3.507581612427799755e-01
2.531200000000000000e+04 -2.000000000000000111e-01
2.532100000000000000e+04 -2.290069677816229721e+00
2.532200000000000000e+04 -4.200155800596860445e+00
2.532300000000000000e+04 -8.029389357854920917e+00
2.532400000000000000e+04 -5.041991980000814166e+00
2.533100000000000000e+04 -1.215087607374842449e+00
2.533200000000000000e+04 -2.939368772400941410e+00
2.533300000000000000e+04 -9.270024578978892649e+00
2.533400000000000000e+04 -7.025831117681558879e+00
2.534200000000000000e+04 -1.559928429896064450e-01
2.542100000000000000e+04 -2.123564909902090569e+00
2.542200000000000000e+04 -4.944146489777862641e+00
2.542300000000000000e+04 -6.335421680696686764e+00
2.542400000000000000e+04 -6.518193761957606469e+00
2.543100000000000000e+04 -2.576569199960970558e+00
2.543200000000000000e+04 -4.663302763284839614e+00
2.543300000000000000e+04 -8.066748875994781187e+00
2.543400000000000000e+04 -6.418038333975575327e+00
2.622100000000000000e+04 -2.609585899749341298e+00
2.622200000000000000e+04 -3.404775292838012835e+00
2.622300000000000000e+04 -8.563846638008572043e+00
2.622400000000000000e+04 -4.958180810932639737e+00
2.623100000000000000e+04 -2.352408823410673477e+00
2.623200000000000000e+04 -1.238035592764190618e+00
2.623300000000000000e+04 -8.823442706047694983e+00
2.623400000000000000e+04 -6.888856700251960063e+00
2.632100000000000000e+04 -1.806034128336484912e+00
2.632200000000000000e+04 -5.320889664903412530e+00
2.632300000000000000e+04 -6.036456467412868676e+00
2.632400000000000000e+04 -5.526804342381238300e+00
2.633100000000000000e+04 -2.247227771255956963e+00
2.633200000000000000e+04 -1.448784815129584791e+00
2.633300000000000000e+04 -8.469159686875133985e+00
2.633400000000000000e+04 -7.244561843074344587e+00
2.642100000000000000e+04 -1.947504528425923809e+00
2.642200000000000000e+04 -5.083572994065120199e+00
2.642300000000000000e+04 -5.741100129260446217e+00
2.642400000000000000e+04 -6.002622898357877546e+00
2.643100000000000000e+04 -4.361498661619501505e+00
2.643200000000000000e+04 -5.488247036510609078e+00
2.643300000000000000e+04 -9.042515586986965559e+00
2.643400000000000000e+04 -7.109658890442585033e+00
3.111100000000000000e+04 -3.856878981519795246e+00
3.111200000000000000e+04 -1.709478736243052355e+00
3.111300000000000000e+04 -8.962465218849716919e+00
3.111400000000000000e+04 -9.550879455985885613e+00
3.114100000000000000e+04 -3.667542531961878627e+00
3.114200000000000000e+04 -5.236306849804487129e+00
3.114300000000000000e+04 -1.022930417083555277e+01
3.114400000000000000e+04 -7.753603434457522425e+00
3.121100000000000000e+04 -4.390302704704442505e+00
3.121200000000000000e+04 -1.789921451160808141e+00
3.121300000000000000e+04 -8.546875132354946558e+00
3.121400000000000000e+04 -8.874546519686237644e+00
3.124100000000000000e+04 -3.027134901824129809e+00
3.124200000000000000e+04 -5.522762833843006369e+00
3.124300000000000000e+04 -8.789332637405184556e+00
3.124400000000000000e+04 -5.542228713702572307e+00
3.131100000000000000e+04 -5.630865045015299053e+00
3.131200000000000000e+04 -2.484370930190945792e+00
3.131300000000000000e+04 -7.490645945936575067e+00
3.131400000000000000e+04 -7.589109105989569670e+00
3.134100000000000000e+04 -1.239268534695823210e+00
3.134200000000000000e+04 -6.922425378518958006e+00
3.134300000000000000e+04 -8.073783206883867081e+00
3.134400000000000000e+04 -5.919054648299518107e+00
3.141100000000000000e+04 -2.061347778623380478e+00
3.141200000000000000e+04 -1.076113715210161415e+00
3.141300000000000000e+04 -2.472153435486341255e+00
3.141400000000000000e+04 -2.636294754338141644e+00
3.144100000000000000e+04 -6.671192177816829272e-01
3.144200000000000000e+04 -8.385175365265087333e-01
3.144300000000000000e+04 -1.120928186389671399e+00
3.144400000000000000e+04 -2.757078898477502982e+00
3.211100000000000000e+04 -4.784183363845037285e+00
3.211200000000000000e+04 -1.253132784455852633e+00
3.211300000000000000e+04 -1.162300071694724046e+01
3.211400000000000000e+04 -8.551595347966946647e+00
3.214100000000000000e+04 -4.885030283297974840e+00
3.214200000000000000e+04 -2.918841540637325149e+00
3.214300000000000000e+04 -1.128371208356569255e+01
3.214400000000000000e+04 -6.311023906461365129e+00
3.221100000000000000e+04 -3.897607915936383893e+00
3.221200000000000000e+04 -1.595766279531811493e+00
3.221300000000000000e+04 -8.548709695245207740e+00
3.221400000000000000e+04 -6.944648187573312370e+00
3.223200000000000000e+04 -2.000000000000000111e-01
3.224100000000000000e+04 -2.024092689855982119e+00
3.224200000000000000e+04 -3.791832423443608491e+00
3.224300000000000000e+04 -7.425038739501768958e+00
3.224400000000000000e+04 -5.358654779367948429e+00
3.231100000000000000e+04 -3.587038318000621562e+00
3.231200000000000000e+04 -2.286425004119613469e+00
3.231300000000000000e+04 -8.103422562815504548e+00
3.231400000000000000e+04 -7.159969477314662711e+00
3.234100000000000000e+04 -1.376242085341645494e+00
3.234200000000000000e+04 -5.538684818057756587e+00
3.234300000000000000e+04 -6.685157748491283414e+00
3.234400000000000000e+04 -5.753839749010223770e+00
3.241100000000000000e+04 -1.589316448264604498e+00
3.241200000000000000e+04 -4.274453680952651213e-01
3.241300000000000000e+04 -2.514558784425172444e+00
3.241400000000000000e+04 -3.599089632389551596e+00
3.244100000000000000e+04 -1.070015052897717478e+00
3.244200000000000000e+04 -1.402715761287928853e+00
3.244300000000000000e+04 -3.007874533370153980e+00
3.244400000000000000e+04 -3.240732181466435602e+00
3.311100000000000000e+04 -4.723031778216290277e+00
3.311200000000000000e+04 -2.085553638140591026e+00
3.311300000000000000e+04 -1.012902515118987168e+01
3.311400000000000000e+04 -7.947013428432615711e+00
3.312100000000000000e+04 -3.926625247770378468e+00
3.312200000000000000e+04 -1.308638802499334730e+00
3.312300000000000000e+04 -9.583299042846226357e+00
3.312400000000000000e+04 -6.463228575140250065e+00
3.313100000000000000e+04 -3.567256851702040876e+00
3.313200000000000000e+04 -1.562058105650358852e+00
3.313300000000000000e+04 -9.911842372225098785e+00
3.313400000000000000e+04 -8.076642282999500821e+00
3.314100000000000000e+04 -4.072404938522122819e+00
3.314200000000000000e+04 -2.535979463857688021e+00
3.314300000000000000e+04 -1.008152695943352128e+01
3.314400000000000000e+04 -7.540720337239078752e+00
3.321100000000000000e+04 -3.880401864468703277e+00
3.321200000000000000e+04 -1.692474864245868238e+00
3.321300000000000000e+04 -8.813562952861520472e+00
3.321400000000000000e+04 -5.725518457352469781e+00
3.322100000000000000e+04 -3.337336451766694800e+00
3.322200000000000000e+04 -1.473100157319224612e+00
3.322300000000000000e+04 -9.868702545667581205e+00
3.322400000000000000e+04 -5.036042518413483826e+00
3.323100000000000000e+04 -1.977119809074622925e+00
3.323200000000000000e+04 -3.409651648044412120e+00
3.323300000000000000e+04 -8.824550930772984358e+00
3.323400000000000000e+04 -6.046182067499368706e+00
3.324100000000000000e+04 -9.908029793034206500e-01
3.324200000000000000e+04 -3.244333968173547245e+00
3.324300000000000000e+04 -7.952681508973173941e+00
3.324400000000000000e+04 -5.049535308230629127e+00
3.331100000000000000e+04 -2.580455070777803339e+00
3.331200000000000000e+04 -3.446975719179355746e+00
3.331300000000000000e+04 -6.961574808504298773e+00
3.331400000000000000e+04 -7.013081924247453358e+00
3.332100000000000000e+04 -2.738157490111253090e+00
3.332200000000000000e+04 -2.929350149105766299e+00
3.332300000000000000e+04 -6.859650003975279020e+00
3.332400000000000000e+04 -6.148215062475006931e+00
3.333100000000000000e+04 -1.619294562894336487e+00
3.333200000000000000e+04 -5.000614927234272145e+00
3.333300000000000000e+04 -9.006657270573967367e+00
3.333400000000000000e+04 -6.213850533613184624e+00
3.334100000000000000e+04 -1.035274659591877588e+00
3.334200000000000000e+04 -4.341320522367572821e+00
3.334300000000000000e+04 -6.049552702063109244e+00
3.334400000000000000e+04 -5.961838621077712119e+00
3.341100000000000000e+04 -4.013270305895275669e-01
3.341200000000000000e+04 -7.880797999999999970e-01
3.341400000000000000e+04 -2.213141452435162915e+00
3.342100000000000000e+04 -6.224182473067795263e-01
3.342300000000000000e+04 -8.344539035097757740e-01
3.342400000000000000e+04 -7.137833991966973102e-01
3.343100000000000000e+04 -2.167753964646366820e-03
3.343300000000000000e+04 -8.444820755138142676e-01
3.343400000000000000e+04 -1.804934949634742214e+00
3.344100000000000000e+04 -8.855179676506079733e-01
3.344200000000000000e+04 -1.384278029308488422e+00
3.344300000000000000e+04 -3.277175355907049781e+00
3.344400000000000000e+04 -1.509828574293829551e+00
3.412100000000000000e+04 -4.338288973402147697e+00
3.412200000000000000e+04 -9.899247895236144013e-01
3.412300000000000000e+04 -1.180145947389266681e+01
3.412400000000000000e+04 -5.845942811349748247e+00
3.413100000000000000e+04 -2.362396785517147713e+00
3.413200000000000000e+04 -2.870506731706826020e+00
3.413300000000000000e+04 -8.867785689509725344e+00
3.413400000000000000e+04 -6.358309940210231659e+00
3.422100000000000000e+04 -2.642709021393343516e+00
3.422200000000000000e+04 -1.496119775401508756e+00
3.422300000000000000e+04 -7.539352455767843963e+00
3.422400000000000000e+04 -5.187338831509110015e+00
3.423100000000000000e+04 -1.850517330642246439e+00
3.423200000000000000e+04 -2.629402658537407511e+00
3.423300000000000000e+04 -8.385046526498854291e+00
3.423400000000000000e+04 -5.789238834040172144e+00
3.432100000000000000e+04 -2.231026089665087309e+00
3.432200000000000000e+04 -3.685529736740132734e+00
3.432300000000000000e+04 -6.954996600403685392e+00
3.432400000000000000e+04 -5.840043675271135548e+00
3.433100000000000000e+04 -1.471283296294542575e+00
3.433200000000000000e+04 -3.644755461636912219e+00
3.433300000000000000e+04 -7.846729773056141610e+00
3.433400000000000000e+04 -6.306597980992252772e+00
3.442100000000000000e+04 -8.878101970722772629e-01
3.442200000000000000e+04 -1.400729409365007339e+00
3.442300000000000000e+04 -2.887973267007891032e+00
3.442400000000000000e+04 -4.856714328358560095e+00
3.443100000000000000e+04 -1.073610628781723308e+00
3.443200000000000000e+04 -4.226508461116748605e-01
3.443300000000000000e+04 -4.429637544002176242e+00
3.443400000000000000e+04 -4.043378477446030850e+00
3.512100000000000000e+04 -3.426582564567044464e+00
3.512200000000000000e+04 -2.045295199903741867e+00
3.512300000000000000e+04 -1.008301249829763968e+01
3.512400000000000000e+04 -5.713422904127554602e+00
3.513100000000000000e+04 -3.710961739038714846e+00
3.513200000000000000e+04 -6.435054296808881968e-01
3.513300000000000000e+04 -8.386951463927536210e+00
3.513400000000000000e+04 -6.415142404946144516e+00
3.522100000000000000e+04 -3.212089626054453362e+00
3.522200000000000000e+04 -2.954876895319734409e+00
3.522300000000000000e+04 -8.195803413857930764e+00
3.522400000000000000e+04 -5.297655921790013878e+00
3.523100000000000000e+04 -3.349738940988374658e+00
3.523200000000000000e+04 -9.269855397564146227e-01
3.523300000000000000e+04 -9.122464182131089672e+00
3.523400000000000000e+04 -6.520136400689201750e+00
3.531100000000000000e+04 -9.664456604413493301e-02
3.531200000000000000e+04 -5.897692718096362308e-01
3.532100000000000000e+04 -1.981515644895380124e+00
3.532200000000000000e+04 -4.687617260082017623e+00
3.532300000000000000e+04 -7.266922223055451546e+00
3.532400000000000000e+04 -6.049639629715873212e+00
3.533100000000000000e+04 -2.277153577609021706e+00
3.533200000000000000e+04 -2.573810895432321999e+00
3.533300000000000000e+04 -7.891452613658592519e+00
3.533400000000000000e+04 -6.772065579016013359e+00
3.542100000000000000e+04 -9.746219944447230832e-01
3.542200000000000000e+04 -3.343882997908889987e+00
3.542300000000000000e+04 -4.790708392741827026e+00
3.542400000000000000e+04 -6.587356313459997281e+00
3.543100000000000000e+04 -2.312284437271465265e+00
3.543200000000000000e+04 -3.628165283750513392e+00
3.543300000000000000e+04 -6.031599353892299398e+00
3.543400000000000000e+04 -4.690308988986433114e+00
3.612100000000000000e+04 -2.447712824721984592e+00
3.612200000000000000e+04 -2.338556541649958298e+00
3.612300000000000000e+04 -8.371109925183192857e+00
3.612400000000000000e+04 -7.107097286990654794e+00
3.613100000000000000e+04 -2.102138529310182413e+00
3.613200000000000000e+04 -1.624484028574548544e+00
3.613300000000000000e+04 -9.068281246577647892e+00
3.613400000000000000e+04 -7.929556310733475222e+00
3.622100000000000000e+04 -2.200588078551762194e+00
3.622200000000000000e+04 -4.486320965915279402e+00
3.622300000000000000e+04 -8.811625705244148676e+00
3.622400000000000000e+04 -6.581138488224270056e+00
3.623100000000000000e+04 -2.544854273535385403e+00
3.623200000000000000e+04 -1.314949696107370780e+00
3.623300000000000000e+04 -7.902037887111724501e+00
3.623400000000000000e+04 -6.679848360741710067e+00
3.632100000000000000e+04 -1.252673843466161285e+00
3.632200000000000000e+04 -6.426820449987808992e+00
3.632300000000000000e+04 -6.659886792810675971e+00
3.632400000000000000e+04 -5.418877856617723587e+00
3.633100000000000000e+04 -3.005386645994319927e+00
3.633200000000000000e+04 -2.694754865459054294e+00
3.633300000000000000e+04 -7.692986492049649350e+00
3.633400000000000000e+04 -6.974897418849233866e+00
3.642100000000000000e+04 -9.897125896627900765e-01
3.642200000000000000e+04 -2.199706257700819290e+00
3.642300000000000000e+04 -3.071686925082528941e+00
3.642400000000000000e+04 -4.665586697630201840e+00
3.643100000000000000e+04 -3.211052756937361252e+00
3.643200000000000000e+04 -2.365644354426660545e+00
3.643300000000000000e+04 -6.011450484163993302e+00
3.643400000000000000e+04 -5.977344579670463176e+00
4.111100000000000000e+04 -2.983659914153218740e+00
4.111200000000000000e+04 -1.417029742564598349e+00
4.111300000000000000e+04 -9.756401690606537613e+00
4.111400000000000000e+04 -8.775701917110197314e+00
4.112300000000000000e+04 -7.275247787526686327e-01
4.114100000000000000e+04 -3.174363905094164551e+00
4.114200000000000000e+04 -2.499457760315296539e+00
4.114300000000000000e+04 -8.396709915534541935e+00
4.114400000000000000e+04 -8.090808221202628658e+00
4.121100000000000000e+04 -2.820719987767581483e+00
4.121200000000000000e+04 -4.455992268918725907e-01
4.121300000000000000e+04 -9.201711463038927619e+00
4.121400000000000000e+04 -8.510168388901508507e+00
4.124100000000000000e+04 -2.474346980685111941e+00
4.124200000000000000e+04 -3.529051713819659764e+00
4.124300000000000000e+04 -7.681310656799260173e+00
4.124400000000000000e+04 -6.708138181863035676e+00
4.131100000000000000e+04 -2.924977093580830356e+00
4.131200000000000000e+04 -2.252724342999384621e+00
4.131300000000000000e+04 -7.871397113232601050e+00
4.131400000000000000e+04 -7.218600260109182543e+00
4.134100000000000000e+04 -1.578881475448560723e+00
4.134200000000000000e+04 -6.662262454878754347e+00
4.134300000000000000e+04 -5.914967342276417739e+00
4.134400000000000000e+04 -5.706078939134775929e+00
4.141100000000000000e+04 -3.996712935013542634e+00
4.141200000000000000e+04 -3.245331754079233022e+00
4.141300000000000000e+04 -6.568377795875059100e+00
4.141400000000000000e+04 -4.654781589798136388e+00
4.144100000000000000e+04 -1.126246177960983363e+00
4.144200000000000000e+04 -3.950793020000000211e-01
4.144300000000000000e+04 -5.177888617264728488e+00
4.144400000000000000e+04 -4.794602879592420486e+00
4.211100000000000000e+04 -3.476847930623497174e+00
4.211200000000000000e+04 -1.142651368676280033e+00
4.211300000000000000e+04 -1.059044891671408628e+01
4.211400000000000000e+04 -7.732295500324205761e+00
4.214100000000000000e+04 -4.582259002060057540e+00
4.214200000000000000e+04 -2.932419614962318288e+00
4.214300000000000000e+04 -9.016701614393477726e+00
4.214400000000000000e+04 -6.638731418205970236e+00
4.221100000000000000e+04 -3.255378346192709937e+00
4.221200000000000000e+04 -1.662226242717609548e+00
4.221300000000000000e+04 -9.945804265992347126e+00
4.221400000000000000e+04 -6.725051720739246619e+00
4.223200000000000000e+04 -3.822746957301588755e-01
4.223300000000000000e+04 -1.146689766501571617e+00
4.224100000000000000e+04 -1.670035206009820694e+00
4.224200000000000000e+04 -2.936851889595955001e+00
4.224300000000000000e+04 -8.074755892027996040e+00
4.224400000000000000e+04 -5.616213864607874307e+00
4.231100000000000000e+04 -3.549195304276643537e+00
4.231200000000000000e+04 -3.192751482336098512e+00
4.231300000000000000e+04 -7.469619140840085159e+00
4.231400000000000000e+04 -6.281948399813029660e+00
4.234100000000000000e+04 -9.082016392545979588e-01
4.234200000000000000e+04 -4.129567229406771567e+00
4.234300000000000000e+04 -7.046559197052030044e+00
4.234400000000000000e+04 -4.707220188670111938e+00
4.241100000000000000e+04 -2.063939361378166026e+00
4.241200000000000000e+04 -3.046339226468827377e+00
4.241300000000000000e+04 -5.233477852695822996e+00
4.241400000000000000e+04 -5.483064884631216884e+00
4.244100000000000000e+04 -1.218157138577775855e+00
4.244200000000000000e+04 -4.377515068238831297e+00
4.244300000000000000e+04 -5.626416284433194193e+00
4.244400000000000000e+04 -6.651667124619603300e+00
4.311100000000000000e+04 -2.881646097422938979e+00
4.311200000000000000e+04 -1.677844832312004986e+00
4.311300000000000000e+04 -9.975732092358585490e+00
4.311400000000000000e+04 -6.646891427295394728e+00
4.314100000000000000e+04 -4.006651669102793356e+00
4.314200000000000000e+04 -1.635264332268214327e+00
4.314300000000000000e+04 -9.665797556162887716e+00
4.314400000000000000e+04 -6.297518961898083134e+00
4.321100000000000000e+04 -2.106483146806297668e+00
4.321200000000000000e+04 -1.877660682443864193e+00
4.321300000000000000e+04 -9.985547317841765746e+00
4.321400000000000000e+04 -4.630112291393821522e+00
4.322300000000000000e+04 -1.649302230494561705e+00
4.322400000000000000e+04 -1.992148380220880033e-01
4.323300000000000000e+04 -1.268743311703685039e+00
4.324100000000000000e+04 -2.263876873246153387e+00
4.324200000000000000e+04 -2.747055224761988601e+00
4.324300000000000000e+04 -8.874776154206452716e+00
4.324400000000000000e+04 -4.933926073511724297e+00
4.331100000000000000e+04 -2.199019557448163464e+00
4.331200000000000000e+04 -3.920002472233904633e+00
4.331300000000000000e+04 -8.629240117565220913e+00
4.331400000000000000e+04 -6.376148389608788492e+00
4.333200000000000000e+04 -2.000000000000000111e-01
4.333400000000000000e+04 -4.939330689787859718e-01
4.334100000000000000e+04 -2.306026314159566493e+00
4.334200000000000000e+04 -4.055733005309374306e+00
4.334300000000000000e+04 -7.400479415217546375e+00
4.334400000000000000e+04 -6.363608466377562500e+00
4.341100000000000000e+04 -7.465960708162864279e-01
4.341200000000000000e+04 -1.545106111441598262e+00
4.341300000000000000e+04 -4.036867961448389330e+00
4.341400000000000000e+04 -3.186211475800059922e+00
4.344100000000000000e+04 -9.952510175810180826e-01
4.344200000000000000e+04 -2.021265958286299291e+00
4.344300000000000000e+04 -3.810774643656820171e+00
4.344400000000000000e+04 -3.392412396337206815e+00
4.411100000000000000e+04 -2.239473469678901818e+00
4.411200000000000000e+04 -2.272948563009579814e+00
4.411300000000000000e+04 -9.681577175540310165e+00
4.411400000000000000e+04 -6.213271577247319932e+00
4.412100000000000000e+04 -3.837326713232768860e+00
4.412200000000000000e+04 -2.248821190743095944e+00
4.412300000000000000e+04 -1.014210831289016745e+01
4.412400000000000000e+04 -7.401199592333863819e+00
4.413100000000000000e+04 -3.542278467044644330e+00
4.413200000000000000e+04 -1.335077675599879221e+00
4.413300000000000000e+04 -1.105554022527300440e+01
4.413400000000000000e+04 -6.465612440964127572e+00
4.414100000000000000e+04 -4.287063846873444106e+00
4.414200000000000000e+04 -1.430324930345181933e+00
4.414300000000000000e+04 -1.083486805404008990e+01
4.414400000000000000e+04 -6.654923454120506676e+00
4.421100000000000000e+04 -2.167425895440152406e+00
4.421200000000000000e+04 -2.895204846790360609e+00
4.421300000000000000e+04 -1.023576880907560316e+01
4.421400000000000000e+04 -5.539272925314584484e+00
4.422100000000000000e+04 -2.673329536326833455e+00
4.422200000000000000e+04 -2.631662653446944944e+00
4.422300000000000000e+04 -8.162513259014314571e+00
4.422400000000000000e+04 -5.779589186414503033e+00
4.423100000000000000e+04 -2.764918337671907089e+00
4.423200000000000000e+04 -2.538432018099643361e+00
4.423300000000000000e+04 -7.699669759666264213e+00
4.423400000000000000e+04 -6.851241423860246371e+00
4.424100000000000000e+04 -3.092541716620907266e+00
4.424200000000000000e+04 -1.660675414065029054e+00
4.424300000000000000e+04 -7.804964597851395958e+00
4.424400000000000000e+04 -6.736052399987003447e+00
4.431100000000000000e+04 -1.620391796372063764e+00
4.431200000000000000e+04 -4.327889240247845493e+00
4.431300000000000000e+04 -8.812011021049436010e+00
4.431400000000000000e+04 -6.040576084498881393e+00
4.432100000000000000e+04 -2.060314074764615810e+00
4.432200000000000000e+04 -4.414898864884373886e+00
4.432300000000000000e+04 -6.865273059216988827e+00
4.432400000000000000e+04 -6.046579069935796191e+00
4.433100000000000000e+04 -2.526627183738854310e+00
4.433200000000000000e+04 -2.824680208293006256e+00
4.433300000000000000e+04 -7.014712994848354199e+00
4.433400000000000000e+04 -6.526494271724262219e+00
4.434100000000000000e+04 -2.718587212662947561e+00
4.434200000000000000e+04 -2.267070294527768759e+00
4.434300000000000000e+04 -6.361585463321004497e+00
4.434400000000000000e+04 -6.195060375689244836e+00
4.441100000000000000e+04 -2.395968839060000077e-01
4.441200000000000000e+04 -1.058134715881717813e+00
4.441300000000000000e+04 -9.117488526654682346e-01
4.441400000000000000e+04 -1.590134362846511218e+00
4.442100000000000000e+04 -6.986627828493899850e-01
4.442200000000000000e+04 -2.000000000000000111e-01
4.442300000000000000e+04 -1.185670993351814362e+00
4.442400000000000000e+04 -2.433644884024574129e+00
4.443200000000000000e+04 -1.059665382273599743e+00
4.443300000000000000e+04 -2.330242477603357898e+00
4.444200000000000000e+04 -4.022417384150122621e-01
4.512100000000000000e+04 -4.786558414802930095e+00
4.512200000000000000e+04 -2.435900224518638080e+00
4.512300000000000000e+04 -1.131232514532661959e+01
4.512400000000000000e+04 -8.667472579334749128e+00
4.513100000000000000e+04 -4.215411477023573994e+00
4.513200000000000000e+04 -6.630607291235107725e-01
4.513300000000000000e+04 -1.020863711944539531e+01
4.513400000000000000e+04 -7.640246888793482682e+00
4.522100000000000000e+04 -2.710024158526898930e+00
4.522200000000000000e+04 -4.077950454291811688e+00
4.522300000000000000e+04 -1.000979099138717032e+01
4.522400000000000000e+04 -4.920699890951212296e+00
4.523100000000000000e+04 -2.567817743940570274e+00
4.523200000000000000e+04 -1.430982455370656048e+00
4.523300000000000000e+04 -7.202219940209059423e+00
4.523400000000000000e+04 -7.545390497693041709e+00
4.531100000000000000e+04 5.449816241015861817e-02
4.532100000000000000e+04 -1.189738278041562181e+00
4.532200000000000000e+04 -5.783307337156635697e+00
4.532300000000000000e+04 -8.169942630632270664e+00
4.532400000000000000e+04 -5.999176056021823022e+00
4.533100000000000000e+04 -2.912517708686752194e+00
4.533200000000000000e+04 -2.612545403772513986e+00
4.533300000000000000e+04 -7.509888740910724891e+00
4.533400000000000000e+04 -6.936135436939169452e+00
4.542100000000000000e+04 -1.243242246945415408e+00
4.542200000000000000e+04 -2.000000000000000111e-01
4.542300000000000000e+04 -1.642606437092120952e+00
4.542400000000000000e+04 -4.508969116696034618e+00
4.543100000000000000e+04 -9.132507889103979037e-01
4.543200000000000000e+04 -3.641721172620411284e-01
4.543300000000000000e+04 -1.952654935329358299e+00
4.543400000000000000e+04 -4.359408578983776650e+00
4.612100000000000000e+04 -4.342754421767574868e+00
4.612200000000000000e+04 -4.476978493132749648e+00
4.612300000000000000e+04 -1.065895041351424410e+01
4.612400000000000000e+04 -9.040989283990345626e+00
4.613100000000000000e+04 -3.092377226705024906e+00
4.613200000000000000e+04 -1.494651017269900350e+00
4.613300000000000000e+04 -8.447194546269571447e+00
4.613400000000000000e+04 -9.053429487672492115e+00
4.621300000000000000e+04 -1.309122471620474126e+00
4.622100000000000000e+04 -2.164480383887876780e+00
4.622200000000000000e+04 -5.100675481031315073e+00
4.622300000000000000e+04 -9.706308122818658290e+00
4.622400000000000000e+04 -5.858034391873770730e+00
4.623100000000000000e+04 -4.531429661616845017e+00
4.623200000000000000e+04 -1.400158507202790670e+00
4.623300000000000000e+04 -8.685930127794012634e+00
4.623400000000000000e+04 -7.793653920435716920e+00
4.632100000000000000e+04 -8.900170876790196584e-01
4.632200000000000000e+04 -7.837599456050160285e+00
4.632300000000000000e+04 -8.451175159488972355e+00
4.632400000000000000e+04 -5.360430997820637700e+00
4.633100000000000000e+04 -5.670205040461601342e+00
4.633200000000000000e+04 -2.253000179115988821e+00
4.633300000000000000e+04 -7.134814948143726632e+00
4.633400000000000000e+04 -6.917216933722616368e+00
4.642200000000000000e+04 -1.390754859579408587e+00
4.642300000000000000e+04 -2.008669895794641835e+00
4.642400000000000000e+04 -2.472081350817399326e+00
4.643100000000000000e+04 -2.795102549721820040e+00
4.643200000000000000e+04 -1.479287457380163984e+00
4.643300000000000000e+04 -2.609926878995084021e+00
4.643400000000000000e+04 -2.457113047274382733e+00
5.121100000000000000e+04 -3.040300033134008650e+00
5.121200000000000000e+04 -2.985495079868105694e-01
5.121300000000000000e+04 -9.179664728858648814e+00
5.121400000000000000e+04 -7.141735485932966476e+00
5.122400000000000000e+04 -3.821148827299873929e-01
5.123300000000000000e+04 -8.535368019011294605e-01
5.124100000000000000e+04 -2.465741093156461616e+00
5.124200000000000000e+04 -2.446445954394859346e+00
5.124300000000000000e+04 -8.825131717626197414e+00
5.124400000000000000e+04 -5.162079496904453890e+00
5.131100000000000000e+04 -2.827033144540886500e+00
5.131200000000000000e+04 -2.364542318772753227e+00
5.131300000000000000e+04 -9.243481324833904722e+00
5.131400000000000000e+04 -7.187196212580784227e+00
5.134100000000000000e+04 -1.901140351614214463e+00
5.134200000000000000e+04 -5.343853150148847320e+00
5.134300000000000000e+04 -7.520637049985507083e+00
5.134400000000000000e+04 -4.868559948955259564e+00
5.141100000000000000e+04 -3.674680575022087226e+00
5.141200000000000000e+04 -4.645206516149943177e+00
5.141300000000000000e+04 -8.975926245870599729e+00
5.141400000000000000e+04 -6.818742028595444538e+00
5.144100000000000000e+04 -2.245667357364463435e+00
5.144200000000000000e+04 -6.514642433823224721e+00
5.144300000000000000e+04 -5.984531402572127234e+00
5.144400000000000000e+04 -5.891851269075600861e+00
5.211100000000000000e+04 -3.075723331763661861e+00
5.211200000000000000e+04 -1.007774571055179313e+00
5.211300000000000000e+04 -1.078536404405871352e+01
5.211400000000000000e+04 -6.510777747553021300e+00
5.213100000000000000e+04 5.567441496135856760e-02
5.213300000000000000e+04 -1.854689558248352910e+00
5.213400000000000000e+04 -1.287030439280353322e+00
5.214100000000000000e+04 -3.566177886013290887e+00
5.214200000000000000e+04 -2.885107693103135529e-01
5.214300000000000000e+04 -9.157571598490743980e+00
5.214400000000000000e+04 -5.577980556164136239e+00
5.221100000000000000e+04 -2.200957666884903130e+00
5.221200000000000000e+04 -2.909420414723609127e-01
5.221300000000000000e+04 -9.838764436038946570e+00
5.221400000000000000e+04 -6.861944491260760337e+00
5.222200000000000000e+04 1.551949400579324123e-01
5.222300000000000000e+04 -4.949999999999999956e-01
5.222400000000000000e+04 -5.358355853977307959e-01
5.223200000000000000e+04 -7.701664753053871770e-01
5.223300000000000000e+04 -3.041832699124417339e+00
5.223400000000000000e+04 -1.117665303659277409e+00
5.224100000000000000e+04 -2.800182576467955542e+00
5.224200000000000000e+04 -2.032140187494939187e+00
5.224300000000000000e+04 -8.517402357344604269e+00
5.224400000000000000e+04 -4.968375040700442113e+00
5.231100000000000000e+04 -1.478007199189182774e+00
5.231200000000000000e+04 -3.577358493009290985e+00
5.231300000000000000e+04 -9.021431470459969404e+00
5.231400000000000000e+04 -6.078880218656991907e+00
5.233400000000000000e+04 -5.583493862695563248e-01
5.234100000000000000e+04 -2.200794847954040012e+00
5.234200000000000000e+04 -3.750789102172282341e+00
5.234300000000000000e+04 -7.654648691411927608e+00
5.234400000000000000e+04 -5.099175591457518308e+00
5.241100000000000000e+04 -1.715414885642453369e+00
5.241200000000000000e+04 -4.517207085175425796e+00
5.241300000000000000e+04 -9.057466746747488529e+00
5.241400000000000000e+04 -6.956967376572666950e+00
5.244100000000000000e+04 -1.931557430125947494e+00
5.244200000000000000e+04 -5.859973209363695368e+00
5.244300000000000000e+04 -6.944090701612905647e+00
5.244400000000000000e+04 -6.007733817657063824e+00
5.311100000000000000e+04 -4.099666786939065943e+00
5.311200000000000000e+04 -6.623987407236612279e-01
5.311300000000000000e+04 -1.290168950081375776e+01
5.311400000000000000e+04 -5.488736834183528757e+00
5.314100000000000000e+04 -3.982142494295697333e+00
5.314200000000000000e+04 -1.448694809798288574e+00
5.314300000000000000e+04 -1.151271880656347690e+01
5.314400000000000000e+04 -5.157020597736068801e+00
5.321100000000000000e+04 -2.350273710745643729e+00
5.321200000000000000e+04 -7.297466408795408865e-01
5.321300000000000000e+04 -1.000024137000021085e+01
5.321400000000000000e+04 -5.194240333667676346e+00
5.322400000000000000e+04 -3.054348281744103666e-01
5.323200000000000000e+04 -3.958215005603054060e-01
5.323400000000000000e+04 -3.489677501951525818e-01
5.324100000000000000e+04 -2.795403481559870063e+00
5.324200000000000000e+04 -1.646826182252591808e+00
5.324300000000000000e+04 -9.307372004648113872e+00
5.324400000000000000e+04 -3.748726154027662183e+00
5.331100000000000000e+04 -1.478694549605930497e+00
5.331200000000000000e+04 -3.546273771831837340e+00
5.331300000000000000e+04 -1.045210770860140492e+01
5.331400000000000000e+04 -5.899867558919918764e+00
5.332400000000000000e+04 -3.173500745089266051e-01
5.333100000000000000e+04 -5.777395839628056695e-01
5.333400000000000000e+04 -3.984370289356044537e-01
5.334100000000000000e+04 -2.583223560437143629e+00
5.334200000000000000e+04 -2.551670098887697691e+00
5.334300000000000000e+04 -7.238604792314108138e+00
5.334400000000000000e+04 -4.332532482837581078e+00
5.341100000000000000e+04 -7.560708596681117166e-01
5.341200000000000000e+04 -3.961432175764643127e+00
5.341300000000000000e+04 -7.503197139278783290e+00
5.341400000000000000e+04 -5.656925148818230831e+00
5.344100000000000000e+04 -2.512424575524594417e+00
5.344200000000000000e+04 -3.344302855981925671e+00
5.344300000000000000e+04 -5.457383549352608831e+00
5.344400000000000000e+04 -4.893756602001944067e+00
5.411100000000000000e+04 -4.589952272547272116e+00
5.411200000000000000e+04 -1.513114060992740706e+00
5.411300000000000000e+04 -1.120712956396471149e+01
5.411400000000000000e+04 -5.196338050124807317e+00
5.414100000000000000e+04 -4.314339185055806603e+00
5.414200000000000000e+04 -3.126775885249143405e-01
5.414300000000000000e+04 -1.239563652041964126e+01
5.414400000000000000e+04 -6.408496071063717103e+00
5.421100000000000000e+04 -1.602307785697539844e+00
5.421200000000000000e+04 -2.077437976716784984e+00
5.421300000000000000e+04 -1.096945768346060568e+01
5.421400000000000000e+04 -4.021760705500328825e+00
5.422100000000000000e+04 -1.811294671765285857e-01
5.423300000000000000e+04 -1.057246722053661658e+00
5.424100000000000000e+04 -4.015363347619267387e+00
5.424200000000000000e+04 -8.205934527554099578e-01
5.424300000000000000e+04 -9.228520448634249362e+00
5.424400000000000000e+04 -5.428721277747032836e+00
5.431100000000000000e+04 -1.440427727525827484e+00
5.431200000000000000e+04 -4.628385919767205259e+00
5.431300000000000000e+04 -1.056538335862949651e+01
5.431400000000000000e+04 -5.108414746091678893e+00
5.432100000000000000e+04 -1.644699889690065184e-02
5.432200000000000000e+04 -1.474110759357069589e-01
5.433100000000000000e+04 -5.101250324054427132e-01
5.433200000000000000e+04 -4.876522221592433093e-01
5.433400000000000000e+04 -5.755280371557285335e-01
5.434100000000000000e+04 -2.694024295566695759e+00
5.434200000000000000e+04 -2.489093610188674255e+00
5.434300000000000000e+04 -8.103591043190077059e+00
5.434400000000000000e+04 -6.007279056280184548e+00
5.441100000000000000e+04 -2.109170150354881534e-01
5.441200000000000000e+04 -1.750231999096333091e+00
5.441300000000000000e+04 -4.179712866160790519e+00
5.441400000000000000e+04 -2.379515281163663953e+00
5.444100000000000000e+04 -8.836577728566026302e-01
5.444200000000000000e+04 -7.273526525828332145e-01
5.444300000000000000e+04 -1.483356871071312089e+00
5.444400000000000000e+04 -2.748797510331695726e+00
5.511100000000000000e+04 -4.348873481336627655e+00
5.511200000000000000e+04 -2.124834997376483514e+00
5.511300000000000000e+04 -1.398133934657233901e+01
5.511400000000000000e+04 -5.768331071363514972e+00
5.512100000000000000e+04 -3.385268820844810733e+00
5.512200000000000000e+04 -3.721124241882738826e+00
5.512300000000000000e+04 -1.143801659575477814e+01
5.512400000000000000e+04 -6.682873865081847775e+00
5.513100000000000000e+04 -5.416905473247004110e+00
5.513200000000000000e+04 -2.876733752023125312e+00
5.513300000000000000e+04 -1.134349441194289554e+01
5.513400000000000000e+04 -7.868311048146070519e+00
5.514100000000000000e+04 -5.124030672157002364e+00
5.514200000000000000e+04 -1.029552600888909097e+00
5.514300000000000000e+04 -1.402820097170024738e+01
5.514400000000000000e+04 -6.231598122516709637e+00
5.521100000000000000e+04 -1.455369667183246118e+00
5.521200000000000000e+04 -3.980093870387048760e+00
5.521300000000000000e+04 -1.261328994195158337e+01
5.521400000000000000e+04 -4.419609174102925309e+00
5.522100000000000000e+04 -2.098382428477622241e+00
5.522200000000000000e+04 -4.406397151414672031e+00
5.522300000000000000e+04 -1.078538947834051953e+01
5.522400000000000000e+04 -5.419878111090076445e+00
5.523100000000000000e+04 -3.717004920464743734e+00
5.523200000000000000e+04 -1.181596176866281711e+00
5.523300000000000000e+04 -9.285973022912763497e+00
5.523400000000000000e+04 -6.932918808306107294e+00
5.524100000000000000e+04 -3.499674601267203755e+00
5.524200000000000000e+04 -1.037119567664052333e+00
5.524300000000000000e+04 -9.712395376366329103e+00
5.524400000000000000e+04 -5.838147144189613336e+00
5.531100000000000000e+04 -9.327527784722637882e-01
5.531200000000000000e+04 -5.567137726065645609e+00
5.531300000000000000e+04 -1.129793820888185429e+01
5.531400000000000000e+04 -5.625507138866487900e+00
5.532100000000000000e+04 -1.413887825454890335e+00
5.532200000000000000e+04 -5.198439458290004644e+00
5.532300000000000000e+04 -9.434871031668272678e+00
5.532400000000000000e+04 -6.170711361454171318e+00
5.533100000000000000e+04 -3.887000784192159220e+00
5.533200000000000000e+04 -1.849961677117298198e+00
5.533300000000000000e+04 -7.784013803813738974e+00
5.533400000000000000e+04 -6.035767491594917544e+00
5.534100000000000000e+04 -3.526419123746942219e+00
5.534200000000000000e+04 -2.243879057673928035e+00
5.534300000000000000e+04 -8.294268979037326517e+00
5.534400000000000000e+04 -6.351688272091962517e+00
5.541100000000000000e+04 -7.767461928467622734e-02
5.541200000000000000e+04 -3.980000000000000204e-01
5.541300000000000000e+04 -1.957851434351887576e+00
5.541400000000000000e+04 -6.556977044897949192e-01
5.542300000000000000e+04 -1.729962746658268366e-02
5.543100000000000000e+04 -3.171750187210515826e-01
5.543200000000000000e+04 -2.000000000000000111e-01
5.543400000000000000e+04 -1.336758701558252049e+00
5.544100000000000000e+04 -9.649222888121897768e-01
5.544200000000000000e+04 -2.000000000000000111e-01
5.544300000000000000e+04 -1.299559567428545392e+00
5.544400000000000000e+04 -1.391283157372054990e+00
5.612100000000000000e+04 -5.508111633029400878e+00
5.612200000000000000e+04 -5.803094198486330235e+00
5.612300000000000000e+04 -1.459956011905198814e+01
5.612400000000000000e+04 -7.093831786676368267e+00
5.613100000000000000e+04 -6.690299236564769991e+00
5.613200000000000000e+04 -3.886035863455697292e+00
5.613300000000000000e+04 -1.422469728922324705e+01
5.613400000000000000e+04 -9.251677247052150221e+00
5.622100000000000000e+04 -1.851875615976946499e+00
5.622200000000000000e+04 -4.928153450141527614e+00
5.622300000000000000e+04 -1.038633996817921279e+01
5.622400000000000000e+04 -4.388670284851905024e+00
5.623100000000000000e+04 -4.509122971944213631e+00
5.623200000000000000e+04 -7.488156088816402267e-01
5.623300000000000000e+04 -8.949212656921437414e+00
5.623400000000000000e+04 -7.215512663123008430e+00
5.632100000000000000e+04 -7.661587143426703550e-01
5.632200000000000000e+04 -6.355420568276402449e+00
5.632300000000000000e+04 -1.035784060885616498e+01
5.632400000000000000e+04 -5.284189226302413722e+00
5.633100000000000000e+04 -3.446373313916758274e+00
5.633200000000000000e+04 -2.119315688095297912e+00
5.633300000000000000e+04 -8.385675633689009700e+00
5.633400000000000000e+04 -6.301807438829289509e+00
5.642100000000000000e+04 -3.980000000000000204e-01
5.642200000000000000e+04 -2.000000000000000111e-01
5.642400000000000000e+04 -3.609376284630175791e-01
5.643100000000000000e+04 -5.160490435967569622e-01
5.643200000000000000e+04 -5.520660746357353155e-01
5.643300000000000000e+04 -1.235873283366849762e+00
5.643400000000000000e+04 -1.620932203816501715e+00
6.112100000000000000e+04 -3.236789170787197634e-01
6.121100000000000000e+04 -1.765961240334224192e+00
6.121200000000000000e+04 -1.066097306006369427e+00
6.121300000000000000e+04 -9.517710858982637134e+00
6.121400000000000000e+04 -6.770482083104673698e+00
6.122100000000000000e+04 -5.415803759921742344e-01
6.122200000000000000e+04 -2.348196779330750245e-02
6.122300000000000000e+04 -1.409364592753078682e+00
6.122400000000000000e+04 -4.679474640368648242e-01
6.124100000000000000e+04 -1.818417773875622423e+00
6.124200000000000000e+04 -2.100973391062187723e+00
6.124300000000000000e+04 -8.057782318769531216e+00
6.124400000000000000e+04 -5.232358166621394524e+00
6.131100000000000000e+04 -2.456817670116957064e+00
6.131200000000000000e+04 -2.175558471482225364e+00
6.131300000000000000e+04 -9.576928556709699336e+00
6.131400000000000000e+04 -6.705847817991340776e+00
6.132200000000000000e+04 -2.304300760833019324e-01
6.133200000000000000e+04 -6.201426670707983480e-01
6.133300000000000000e+04 -2.000000000000000111e-01
6.134100000000000000e+04 -1.542234688118296226e+00
6.134200000000000000e+04 -3.710258426565372858e+00
6.134300000000000000e+04 -7.080203642638412731e+00
6.134400000000000000e+04 -5.106867303208883158e+00
6.141100000000000000e+04 -2.998445322786054579e+00
6.141200000000000000e+04 -5.437883798872135799e+00
6.141300000000000000e+04 -9.509553474802059370e+00
6.141400000000000000e+04 -6.283333872120040908e+00
6.144100000000000000e+04 -1.586586300303366226e+00
6.144200000000000000e+04 -6.794907859700341390e+00
6.144300000000000000e+04 -6.999177965650364541e+00
6.144400000000000000e+04 -6.146938347297174587e+00
6.212200000000000000e+04 -1.070334672226221362e-01
6.212300000000000000e+04 -1.643318381650856752e+00
6.221100000000000000e+04 -1.431159702166951098e+00
6.221200000000000000e+04 -6.444245872907262696e-01
6.221300000000000000e+04 -1.085298500698974067e+01
6.221400000000000000e+04 -5.826678798035942464e+00
6.222100000000000000e+04 -8.710118552742035503e-01
6.222200000000000000e+04 -2.121456169320704577e-01
6.222300000000000000e+04 -1.794286726684690025e+00
6.222400000000000000e+04 -6.927546513418266771e-01
6.223400000000000000e+04 -3.695600982938550549e-01
6.224100000000000000e+04 -2.406782223011811883e+00
6.224200000000000000e+04 -1.369896423260208884e+00
6.224300000000000000e+04 -7.941115665036602600e+00
6.224400000000000000e+04 -4.169065905354400137e+00
6.231100000000000000e+04 -1.831682207382252292e+00
6.231200000000000000e+04 -2.691340702194868761e+00
6.231300000000000000e+04 -1.138265322562357618e+01
6.231400000000000000e+04 -5.697485206495319865e+00
6.232200000000000000e+04 4.450009993495415705e-03
6.233300000000000000e+04 -6.474823604601972482e-01
6.234100000000000000e+04 -1.039216610497040616e+00
6.234200000000000000e+04 -2.675218546671188413e+00
6.234300000000000000e+04 -7.780248724583826103e+00
6.234400000000000000e+04 -4.801778278378801446e+00
6.241100000000000000e+04 -2.125634549259370232e+00
6.241200000000000000e+04 -4.551413415786623951e+00
6.241300000000000000e+04 -9.452965078409356181e+00
6.241400000000000000e+04 -6.271619979584022175e+00
6.244100000000000000e+04 -2.082080175454265714e+00
6.244200000000000000e+04 -5.927592307182488973e+00
6.244300000000000000e+04 -6.138337663972089686e+00
6.244400000000000000e+04 -6.750913713876453670e+00
6.311100000000000000e+04 -2.970958629164663911e+00
6.311200000000000000e+04 -6.524700969453351984e-01
6.311300000000000000e+04 -1.310737766764517964e+01
6.311400000000000000e+04 -4.669031868533293661e+00
6.314100000000000000e+04 -4.903620460210653675e+00
6.314200000000000000e+04 -1.000483396591848706e+00
6.314300000000000000e+04 -1.285065610462743813e+01
6.314400000000000000e+04 -4.064858825463132597e+00
6.321100000000000000e+04 -1.243491331588455040e+00
6.321200000000000000e+04 -6.426528993959843561e-01
6.321300000000000000e+04 -1.228798904860136432e+01
6.321400000000000000e+04 -3.794486326927565489e+00
6.322100000000000000e+04 -1.827444321877850220e-01
6.322200000000000000e+04 1.485108796852177282e-01
6.322300000000000000e+04 -1.356877693301792975e+00
6.323100000000000000e+04 4.711294134352917232e-03
6.323400000000000000e+04 -9.166672030656194403e-01
6.324100000000000000e+04 -3.093345495455176675e+00
6.324200000000000000e+04 -8.805501230873422625e-01
6.324300000000000000e+04 -1.007745579741089159e+01
6.324400000000000000e+04 -3.271807690521810308e+00
6.331100000000000000e+04 -8.246671399963114713e-01
6.331200000000000000e+04 -3.216592399219525777e+00
6.331300000000000000e+04 -1.141783286988754220e+01
6.331400000000000000e+04 -4.387308811746099657e+00
6.332200000000000000e+04 -6.443046631982005112e-02
6.333200000000000000e+04 -4.845547351647885304e-01
6.333300000000000000e+04 -1.020065138404520289e+00
6.334100000000000000e+04 -2.644734779759337684e+00
6.334200000000000000e+04 -2.400164369479753201e+00
6.334300000000000000e+04 -8.029415437375654108e+00
6.334400000000000000e+04 -4.801120894241196702e+00
6.341100000000000000e+04 -1.278212365501036674e+00
6.341200000000000000e+04 -3.637698359555988858e+00
6.341300000000000000e+04 -9.114296278347040925e+00
6.341400000000000000e+04 -5.838345043643807131e+00
6.344100000000000000e+04 -1.726361571533048700e+00
6.344200000000000000e+04 -2.666847039035572298e+00
6.344300000000000000e+04 -6.389486400193395532e+00
6.344400000000000000e+04 -5.512873321037042196e+00
6.411100000000000000e+04 -3.490029885212759808e+00
6.411200000000000000e+04 -1.058187711866935610e+00
6.411300000000000000e+04 -1.488610265182180115e+01
6.411400000000000000e+04 -3.891769060585863915e+00
6.414100000000000000e+04 -6.374000839466122059e+00
6.414200000000000000e+04 -6.096877886747632536e-01
6.414300000000000000e+04 -1.331983611982035498e+01
6.414400000000000000e+04 -3.909217235706116345e+00
6.421100000000000000e+04 -1.245372310866034393e+00
6.421200000000000000e+04 -2.219690891731395332e+00
6.421300000000000000e+04 -1.422931239302807072e+01
6.421400000000000000e+04 -3.984832454029204385e+00
6.422100000000000000e+04 -2.576184412075070429e-01
6.422400000000000000e+04 -3.564894220410168568e-01
6.423300000000000000e+04 -1.154308634471545636e+00
6.424100000000000000e+04 -2.719818506537214464e+00
6.424200000000000000e+04 -5.790669755510954309e-01
6.424300000000000000e+04 -9.798342717859295448e+00
6.424400000000000000e+04 -4.199796602865710327e+00
6.431100000000000000e+04 -7.958147929078559502e-01
6.431200000000000000e+04 -4.457272060454821272e+00
6.431300000000000000e+04 -1.123259010432211902e+01
6.431400000000000000e+04 -4.016348608418125465e+00
6.432100000000000000e+04 -2.538789903876711995e-01
6.432200000000000000e+04 -6.308835377410478840e-01
6.432300000000000000e+04 -1.050148648539438012e+00
6.432400000000000000e+04 -5.027718456755888576e-01
6.433200000000000000e+04 -1.799480159517730937e-01
6.433400000000000000e+04 -4.392052997573556716e-01
6.434100000000000000e+04 -3.258146172847388833e+00
6.434200000000000000e+04 -2.026467994275449769e+00
6.434300000000000000e+04 -7.331639921293704454e+00
6.434400000000000000e+04 -5.717287341775779907e+00
6.441100000000000000e+04 -1.136401165802705948e-01
6.441200000000000000e+04 -1.636389597886737768e+00
6.441300000000000000e+04 -4.693717769302765852e+00
6.441400000000000000e+04 -2.882095254970125087e+00
6.444100000000000000e+04 5.081151866910543768e-02
6.444200000000000000e+04 -4.608696453365808132e-01
6.444300000000000000e+04 -2.926050322380353119e+00
6.444400000000000000e+04 -4.088394870150482419e+00
6.511100000000000000e+04 -3.587642185118637084e+00
6.511200000000000000e+04 -1.958744599398330344e+00
6.511300000000000000e+04 -1.709152641221743352e+01
6.511400000000000000e+04 -4.794451398064837555e+00
6.514100000000000000e+04 -6.244992378338025674e+00
6.514200000000000000e+04 -1.526602917506137969e-01
6.514300000000000000e+04 -1.538928200486275699e+01
6.514400000000000000e+04 -6.501784951286012415e+00
6.521100000000000000e+04 -2.037836177603975063e+00
6.521200000000000000e+04 -3.995913149646847184e+00
6.521300000000000000e+04 -1.377133610369450523e+01
6.521400000000000000e+04 -3.443807312811409282e+00
6.522300000000000000e+04 -3.000000000000000444e-01
6.523200000000000000e+04 -5.898432515949977861e-02
6.523300000000000000e+04 -9.942748835411919783e-01
6.524100000000000000e+04 -3.980927808666941736e+00
6.524200000000000000e+04 -5.354522597975739373e-01
6.524300000000000000e+04 -1.078226011916564175e+01
6.524400000000000000e+04 -6.458712080442809977e+00
6.531100000000000000e+04 -6.652418995528058820e-01
6.531200000000000000e+04 -6.019416813494817831e+00
6.531300000000000000e+04 -1.121675712914701606e+01
6.531400000000000000e+04 -4.182594053137681733e+00
6.532100000000000000e+04 -3.789771866359785135e-01
6.532200000000000000e+04 -3.243785095996741252e-01
6.533100000000000000e+04 -1.255027374228285808e-01
6.533300000000000000e+04 -7.816470152758477896e-01
6.533400000000000000e+04 -2.392565484300324563e+00
6.534100000000000000e+04 -3.123891004305659802e+00
6.534200000000000000e+04 -1.968824191515989863e+00
6.534300000000000000e+04 -8.822726194158880375e+00
6.534400000000000000e+04 -6.443895998568933692e+00
6.541100000000000000e+04 1.293707294414894460e-01
6.541200000000000000e+04 -1.050034165303134870e+00
6.541300000000000000e+04 -1.418707758969406374e+00
6.541400000000000000e+04 -6.294978168301335053e-01
6.544100000000000000e+04 -4.033092387405997625e-01
6.544200000000000000e+04 -9.800000000000000377e-02
6.544300000000000000e+04 -2.015154551718428610e+00
6.544400000000000000e+04 -5.975062037879633747e-01
6.611100000000000000e+04 -4.573770433051895345e+00
6.611200000000000000e+04 -4.350871109023564109e+00
6.611300000000000000e+04 -2.228072247081482615e+01
6.611400000000000000e+04 -6.162230474091343169e+00
6.612100000000000000e+04 -3.938968950122739177e+00
6.612200000000000000e+04 -6.392072826023686538e+00
6.612300000000000000e+04 -1.621897119620021854e+01
6.612400000000000000e+04 -5.902605250466639752e+00
6.613100000000000000e+04 -7.806814483417465311e+00
6.613200000000000000e+04 -4.242966145780422416e+00
6.613300000000000000e+04 -1.534337062816256925e+01
6.613400000000000000e+04 -8.193951983802623573e+00
6.614100000000000000e+04 -8.751826610261664641e+00
6.614200000000000000e+04 -1.806129712824461331e-02
6.614300000000000000e+04 -1.787064314907999929e+01
6.614400000000000000e+04 -7.911919457043457449e+00
6.621100000000000000e+04 -1.220331553676197611e+00
6.621200000000000000e+04 -5.545596553400497619e+00
6.621300000000000000e+04 -1.518582089059821350e+01
6.621400000000000000e+04 -2.558348826948422694e+00
6.622100000000000000e+04 -2.405997240328321407e+00
6.622200000000000000e+04 -5.566212060266169992e+00
6.622300000000000000e+04 -1.462812085862610800e+01
6.622400000000000000e+04 -4.442041765408197840e+00
6.623100000000000000e+04 -4.762586448140780249e+00
6.623200000000000000e+04 -8.079358871951328736e-01
6.623300000000000000e+04 -1.104389497861649261e+01
6.623400000000000000e+04 -5.862180626165360842e+00
6.624100000000000000e+04 -3.849946020084574982e+00
6.624200000000000000e+04 6.398017311496538573e-02
6.624300000000000000e+04 -1.160092442197321283e+01
6.624400000000000000e+04 -5.651107733869942251e+00
6.631100000000000000e+04 -6.217444574262340762e-01
6.631200000000000000e+04 -7.812902165654352693e+00
6.631300000000000000e+04 -1.177222122387555636e+01
6.631400000000000000e+04 -5.339104736928685035e+00
6.632100000000000000e+04 -1.196399730633260772e+00
6.632200000000000000e+04 -6.407199662221459313e+00
6.632300000000000000e+04 -1.205833174227587357e+01
6.632400000000000000e+04 -4.587760851061979395e+00
6.633100000000000000e+04 -3.460005428235229719e+00
6.633200000000000000e+04 -9.928883180342663595e-01
6.633300000000000000e+04 -8.141209172396063565e+00
6.633400000000000000e+04 -6.394541372586057371e+00
6.634100000000000000e+04 -4.030319652983390455e+00
6.634200000000000000e+04 -1.323122515999074711e+00
6.634300000000000000e+04 -9.351228956175638984e+00
6.634400000000000000e+04 -6.065749262902433436e+00
6.642200000000000000e+04 -3.980000000000000204e-01
6.642400000000000000e+04 -5.981470390416602223e-01
6.643200000000000000e+04 -8.921436594082250704e-02
7.112100000000000000e+04 -4.265477406078735934e-01
7.122300000000000000e+04 -5.126236522574195709e-01
7.122400000000000000e+04 -3.390997651173459637e-01
7.132100000000000000e+04 -3.322674109954308896e-01
7.132200000000000000e+04 -2.993365066275885389e-01
7.132300000000000000e+04 -2.015571416878129796e+00
7.134200000000000000e+04 -1.189135057047546962e+00
7.134300000000000000e+04 -2.244308003683813002e+00
7.134400000000000000e+04 -1.772073810878172173e+00
7.221100000000000000e+04 -5.372581814242055609e-01
7.222100000000000000e+04 -7.194486787667953021e-01
7.222200000000000000e+04 1.875306880039224675e-02
7.222300000000000000e+04 -1.880787908254795360e+00
7.222400000000000000e+04 -1.779738572834114185e+00
7.231100000000000000e+04 -2.678775218271478575e-01
7.231200000000000000e+04 -4.020715561125985660e-02
7.231300000000000000e+04 -2.020766777244255685e+00
7.231400000000000000e+04 -1.004507349284033957e+00
7.232100000000000000e+04 -7.377378193301721288e-01
7.232200000000000000e+04 2.332571113788447503e-01
7.232300000000000000e+04 -1.980000000000000093e-01
7.232400000000000000e+04 -1.862923225911538916e+00
7.234100000000000000e+04 -8.500093322708884847e-01
7.234200000000000000e+04 -1.669929617615737438e+00
7.234300000000000000e+04 -3.913501754802801713e+00
7.234400000000000000e+04 -2.318227976020153847e+00
7.321200000000000000e+04 -1.033354079768705969e+00
7.322200000000000000e+04 7.549030456007173838e-03
7.322300000000000000e+04 -1.319490909533802991e+00
7.323400000000000000e+04 -4.203244817360096142e-01
7.324100000000000000e+04 -2.490856025029437870e-01
7.324200000000000000e+04 -2.760290778974974768e-01
7.324300000000000000e+04 -1.540209892333914699e+00
7.324400000000000000e+04 -9.127356451746764243e-01
7.331200000000000000e+04 -1.980000000000000093e-01
7.332100000000000000e+04 -6.773728455640051216e-01
7.332200000000000000e+04 -7.026743558024508562e-01
7.332300000000000000e+04 -3.395095040867999181e+00
7.332400000000000000e+04 -1.642840969073860569e+00
7.334100000000000000e+04 -2.093119082847572088e-01
7.334200000000000000e+04 -6.758204434986707643e-01
7.334300000000000000e+04 -3.893711848597865455e+00
7.334400000000000000e+04 -2.651862346600085907e+00
7.421100000000000000e+04 -2.439710219466863783e-01
7.421200000000000000e+04 1.774873396597874686e-01
7.421300000000000000e+04 -1.522086174402220937e+00
7.421400000000000000e+04 -1.106171097541361004e+00
7.422100000000000000e+04 -3.356338367116749044e-01
7.422200000000000000e+04 -1.713711572436433794e-01
7.422400000000000000e+04 -2.129487385183166936e-01
7.424100000000000000e+04 -8.038646629598446003e-01
7.424200000000000000e+04 -1.447142124829427223e-01
7.424300000000000000e+04 -3.350030277199977924e+00
7.424400000000000000e+04 -5.099421610542220762e-01
7.432100000000000000e+04 -6.894452875892362886e-01
7.432200000000000000e+04 -5.245140244523739392e-01
7.432300000000000000e+04 -2.023001111403945451e+00
7.432400000000000000e+04 -1.466858285381671845e+00
7.434100000000000000e+04 -1.211207740506699659e+00
7.434200000000000000e+04 3.906910552887771226e-02
7.434300000000000000e+04 -2.167894751928646890e+00
7.434400000000000000e+04 -2.520922965106485059e+00
7.511200000000000000e+04 -1.961027535160329155e-02
7.514100000000000000e+04 -5.258676573562909295e-01
7.514300000000000000e+04 -1.508998470527432190e+00
7.514400000000000000e+04 -1.044803275961474709e+00
7.521100000000000000e+04 -7.869602680635210401e-01
7.521200000000000000e+04 -2.599819936835072176e-01
7.521300000000000000e+04 -2.653698552885915607e+00
7.521400000000000000e+04 -6.957938438498328937e-01
7.523200000000000000e+04 -2.569049304781552134e-01
7.523300000000000000e+04 -9.547647191716782666e-01
7.524100000000000000e+04 -2.429438474788399027e+00
7.524200000000000000e+04 2.463217186794886548e-01
7.524300000000000000e+04 -4.115925795596209191e+00
7.524400000000000000e+04 -1.885670531632706037e+00
7.531100000000000000e+04 -4.649672815792015301e-01
7.531200000000000000e+04 -7.024386570065054014e-02
7.531300000000000000e+04 -7.328291689521865271e-01
7.531400000000000000e+04 -2.967248476872234586e-01
7.532100000000000000e+04 -5.788109080357024538e-01
7.532200000000000000e+04 -8.821465053806365475e-01
7.532400000000000000e+04 -5.771206370469006419e-01
7.534100000000000000e+04 -1.879084838989656392e+00
7.534200000000000000e+04 -3.961383608594971628e-01
7.534300000000000000e+04 -2.152486918779803915e+00
7.534400000000000000e+04 -5.082646174900601332e-01
7.614200000000000000e+04 -7.430783961715191344e-02
7.614400000000000000e+04 -1.041369442602198880e+00
7.624100000000000000e+04 -6.062825188694560552e-01
7.624200000000000000e+04 -2.540432242358374726e-01
7.624300000000000000e+04 -2.035392737467759616e+00
7.624400000000000000e+04 -1.755579985931207121e+00
7.632100000000000000e+04 -1.219248377512743703e-01
7.632300000000000000e+04 -7.498121290736119438e-01
7.633200000000000000e+04 -1.860685252150917623e-01
7.634100000000000000e+04 -2.194273498612484552e-01
7.634200000000000000e+04 -6.785528309964130589e-01
7.634300000000000000e+04 -1.139038947464142693e+00
7.634400000000000000e+04 -2.272310660875892729e+00
8.132200000000000000e+04 -3.040361394614714552e-01
8.132300000000000000e+04 -1.390340525531698068e+00
8.222100000000000000e+04 -2.916046135575354192e-01
8.222300000000000000e+04 -4.970000000000000528e-01
8.231100000000000000e+04 -1.339513130238732530e-01
8.231200000000000000e+04 4.922238997967554042e-02
8.231300000000000000e+04 -2.895462251905151607e+00
8.231400000000000000e+04 -3.130294328528185233e+00
8.232100000000000000e+04 -4.705856799220118347e-01
8.232200000000000000e+04 -3.674152484129055707e-01
8.232300000000000000e+04 -6.443103717133473740e-01
8.232400000000000000e+04 -1.305212174331934927e+00
8.321200000000000000e+04 -1.779578213672336762e-01
8.322100000000000000e+04 -1.208101670844866637e-01
8.322400000000000000e+04 -1.110902395190753317e-01
8.331100000000000000e+04 -4.587445966012430043e-01
8.331200000000000000e+04 -3.312265039919425336e-01
8.331400000000000000e+04 -1.176710169189166155e+00
8.421300000000000000e+04 -1.048701916642962528e+00
8.424400000000000000e+04 -7.560312617334722374e-01
8.432100000000000000e+04 2.161995286441972253e-01
8.432300000000000000e+04 -9.251860403196809912e-01
8.521200000000000000e+04 -4.775694260589879447e-01
8.522100000000000000e+04 -1.411953696234179434e-01
8.522300000000000000e+04 -9.396318807759499458e-01
8.522400000000000000e+04 -2.000000000000000111e-01
8.524400000000000000e+04 -2.453467242588003028e-01
8.531100000000000000e+04 -1.556051276121915850e-01
8.531400000000000000e+04 -4.030552804645801124e-01
8.632100000000000000e+04 -1.678477639308036118e-02
8.634400000000000000e+04 -2.837448534177495207e-01
