1.111100000000000000e+04 -6.979252864455932404e+00
1.112100000000000000e+04 -8.502017689717009219e+00
1.113100000000000000e+04 -2.739764302130682783e+00
1.114100000000000000e+04 -4.268372553406952541e+00
1.121100000000000000e+04 -4.466498640934593034e+00
1.122100000000000000e+04 -5.309941561605123539e+00
1.123100000000000000e+04 -1.812979959711723321e+00
1.124100000000000000e+04 -8.803945132006494312e-01
1.131100000000000000e+04 -2.797833306017533328e+00
1.132100000000000000e+04 -3.833664967633982901e+00
1.133100000000000000e+04 -1.872599720825891323e+00
1.134100000000000000e+04 -1.315747298769670559e+00
1.141100000000000000e+04 0.000000000000000000e+00
1.142100000000000000e+04 0.000000000000000000e+00
1.143100000000000000e+04 0.000000000000000000e+00
1.144100000000000000e+04 -9.675223790332226903e-02
1.211100000000000000e+04 0.000000000000000000e+00
1.212100000000000000e+04 -5.039176233342512745e+00
1.213100000000000000e+04 -4.001159414555973903e+00
1.214100000000000000e+04 0.000000000000000000e+00
1.221100000000000000e+04 0.000000000000000000e+00
1.222100000000000000e+04 -3.665333759941336034e+00
1.223100000000000000e+04 -2.291596875450425674e+00
1.224100000000000000e+04 0.000000000000000000e+00
1.231100000000000000e+04 0.000000000000000000e+00
1.232100000000000000e+04 -3.549156575998434704e+00
1.233100000000000000e+04 -1.487683482506749533e+00
1.234100000000000000e+04 0.000000000000000000e+00
1.241100000000000000e+04 0.000000000000000000e+00
1.242100000000000000e+04 0.000000000000000000e+00
1.243100000000000000e+04 -1.905412939056036203e-01
1.244100000000000000e+04 0.000000000000000000e+00
1.311100000000000000e+04 0.000000000000000000e+00
1.312100000000000000e+04 -4.551381714143503565e+00
1.313100000000000000e+04 -4.070865786943582698e+00
1.314100000000000000e+04 0.000000000000000000e+00
1.321100000000000000e+04 0.000000000000000000e+00
1.322100000000000000e+04 -4.555287823647645062e+00
1.323100000000000000e+04 -1.898816314058030308e+00
1.324100000000000000e+04 0.000000000000000000e+00
1.331100000000000000e+04 0.000000000000000000e+00
1.332100000000000000e+04 -2.570575149706478157e+00
1.333100000000000000e+04 -1.177937549932084105e+00
1.334100000000000000e+04 0.000000000000000000e+00
1.341100000000000000e+04 0.000000000000000000e+00
1.342100000000000000e+04 -3.857534293093540234e-01
1.343100000000000000e+04 -2.286315200605869569e-01
1.344100000000000000e+04 0.000000000000000000e+00
1.411100000000000000e+04 0.000000000000000000e+00
1.412100000000000000e+04 -4.435215257396876609e+00
1.413100000000000000e+04 -4.047898420652067841e+00
1.414100000000000000e+04 0.000000000000000000e+00
1.421100000000000000e+04 0.000000000000000000e+00
1.422100000000000000e+04 -2.454167861199958001e+00
1.423100000000000000e+04 -1.049617986727845453e+00
1.424100000000000000e+04 0.000000000000000000e+00
1.431100000000000000e+04 0.000000000000000000e+00
1.432100000000000000e+04 -2.873364582328401529e+00
1.433100000000000000e+04 -6.922000325234389795e-01
1.434100000000000000e+04 0.000000000000000000e+00
1.441100000000000000e+04 0.000000000000000000e+00
1.442100000000000000e+04 -1.773966958746674649e+00
1.443100000000000000e+04 -1.400331623495353339e+00
1.444100000000000000e+04 0.000000000000000000e+00
1.511100000000000000e+04 0.000000000000000000e+00
1.512100000000000000e+04 0.000000000000000000e+00
1.513100000000000000e+04 0.000000000000000000e+00
1.514100000000000000e+04 0.000000000000000000e+00
1.521100000000000000e+04 0.000000000000000000e+00
1.522100000000000000e+04 -1.413842072292623930e+00
1.523100000000000000e+04 -1.193877823223755019e+00
1.524100000000000000e+04 0.000000000000000000e+00
1.531100000000000000e+04 0.000000000000000000e+00
1.532100000000000000e+04 -1.408805503826401795e+00
1.533100000000000000e+04 -1.296226686094744673e+00
1.534100000000000000e+04 0.000000000000000000e+00
1.541100000000000000e+04 0.000000000000000000e+00
1.542100000000000000e+04 -1.811287025937500017e+00
1.543100000000000000e+04 -1.748567638426588244e+00
1.544100000000000000e+04 0.000000000000000000e+00
1.611100000000000000e+04 0.000000000000000000e+00
1.612100000000000000e+04 0.000000000000000000e+00
1.613100000000000000e+04 0.000000000000000000e+00
1.614100000000000000e+04 0.000000000000000000e+00
1.621100000000000000e+04 0.000000000000000000e+00
1.622100000000000000e+04 -1.279906699180927587e+00
1.623100000000000000e+04 -1.327769527055428833e+00
1.624100000000000000e+04 0.000000000000000000e+00
1.631100000000000000e+04 0.000000000000000000e+00
1.632100000000000000e+04 -1.590539098478709112e+00
1.633100000000000000e+04 -1.426713953082084263e+00
1.634100000000000000e+04 0.000000000000000000e+00
1.641100000000000000e+04 0.000000000000000000e+00
1.642100000000000000e+04 -1.867139788327180749e+00
1.643100000000000000e+04 -3.543670390628101519e+00
1.644100000000000000e+04 0.000000000000000000e+00
2.111100000000000000e+04 -8.113865663544276075e+00
2.112100000000000000e+04 0.000000000000000000e+00
2.113100000000000000e+04 0.000000000000000000e+00
2.114100000000000000e+04 -4.526896528925488994e+00
2.121100000000000000e+04 -5.409438783999323874e+00
2.122100000000000000e+04 0.000000000000000000e+00
2.123100000000000000e+04 0.000000000000000000e+00
2.124100000000000000e+04 -2.115640669041559008e+00
2.131100000000000000e+04 -4.806718997106147917e+00
2.132100000000000000e+04 0.000000000000000000e+00
2.133100000000000000e+04 0.000000000000000000e+00
2.134100000000000000e+04 -1.029681585051911430e+00
2.141100000000000000e+04 0.000000000000000000e+00
2.142100000000000000e+04 0.000000000000000000e+00
2.143100000000000000e+04 0.000000000000000000e+00
2.144100000000000000e+04 9.624011426440183536e-03
2.211100000000000000e+04 -5.288096343336145644e+00
2.212100000000000000e+04 -6.517516906591901638e+00
2.213100000000000000e+04 -3.105143163552353425e+00
2.214100000000000000e+04 -4.141516142736022310e+00
2.221100000000000000e+04 -4.882513810568712032e+00
2.222100000000000000e+04 -3.694575036134167156e+00
2.223100000000000000e+04 -2.699645942077390171e+00
2.224100000000000000e+04 -1.975092608853702192e+00
2.231100000000000000e+04 -3.693217638884910947e+00
2.232100000000000000e+04 -3.522110128492393244e+00
2.233100000000000000e+04 -1.101793366582928702e+00
2.234100000000000000e+04 -6.235923047886466897e-01
2.241100000000000000e+04 -7.071544571873007445e-01
2.242100000000000000e+04 -3.143086940464246415e-01
2.243100000000000000e+04 -8.101787761275922040e-02
2.244100000000000000e+04 0.000000000000000000e+00
2.311100000000000000e+04 0.000000000000000000e+00
2.312100000000000000e+04 -4.770233606030755524e+00
2.313100000000000000e+04 -3.068373614991497078e+00
2.314100000000000000e+04 0.000000000000000000e+00
2.321100000000000000e+04 0.000000000000000000e+00
2.322100000000000000e+04 -3.752373320007473367e+00
2.323100000000000000e+04 -1.551277338355299351e+00
2.324100000000000000e+04 0.000000000000000000e+00
2.331100000000000000e+04 0.000000000000000000e+00
2.332100000000000000e+04 -3.109400931398623058e+00
2.333100000000000000e+04 -9.997571139702345899e-01
2.334100000000000000e+04 0.000000000000000000e+00
2.341100000000000000e+04 0.000000000000000000e+00
2.342100000000000000e+04 3.086620264544454040e-03
2.343100000000000000e+04 -3.543173838993206592e-01
2.344100000000000000e+04 0.000000000000000000e+00
2.411100000000000000e+04 0.000000000000000000e+00
2.412100000000000000e+04 -4.103176048174737467e+00
2.413100000000000000e+04 -3.105194493968024716e+00
2.414100000000000000e+04 0.000000000000000000e+00
2.421100000000000000e+04 0.000000000000000000e+00
2.422100000000000000e+04 -3.465890710368216610e+00
2.423100000000000000e+04 -1.508132112497543531e+00
2.424100000000000000e+04 0.000000000000000000e+00
2.431100000000000000e+04 0.000000000000000000e+00
2.432100000000000000e+04 -2.429764028311288016e+00
2.433100000000000000e+04 -1.378896487757399925e+00
2.434100000000000000e+04 0.000000000000000000e+00
2.441100000000000000e+04 0.000000000000000000e+00
2.442100000000000000e+04 -2.369509653739132471e+00
2.443100000000000000e+04 -9.390679860986821392e-01
2.444100000000000000e+04 0.000000000000000000e+00
2.511100000000000000e+04 0.000000000000000000e+00
2.512100000000000000e+04 -2.264891916510048286e+00
2.513100000000000000e+04 -2.272413649827190074e+00
2.514100000000000000e+04 0.000000000000000000e+00
2.521100000000000000e+04 0.000000000000000000e+00
2.522100000000000000e+04 -3.443700486642719660e+00
2.523100000000000000e+04 -1.966183126747230503e+00
2.524100000000000000e+04 -1.311723164446177425e-01
2.531100000000000000e+04 0.000000000000000000e+00
2.532100000000000000e+04 -2.290069677816229721e+00
2.533100000000000000e+04 -1.215087607374842449e+00
2.534100000000000000e+04 0.000000000000000000e+00
2.541100000000000000e+04 0.000000000000000000e+00
2.542100000000000000e+04 -2.123564909902090569e+00
2.543100000000000000e+04 -2.576569199960970558e+00
2.544100000000000000e+04 0.000000000000000000e+00
2.611100000000000000e+04 0.000000000000000000e+00
2.612100000000000000e+04 0.000000000000000000e+00
2.613100000000000000e+04 0.000000000000000000e+00
2.614100000000000000e+04 0.000000000000000000e+00
2.621100000000000000e+04 0.000000000000000000e+00
2.622100000000000000e+04 -2.609585899749341298e+00
2.623100000000000000e+04 -2.352408823410673477e+00
2.624100000000000000e+04 0.000000000000000000e+00
2.631100000000000000e+04 0.000000000000000000e+00
2.632100000000000000e+04 -1.806034128336484912e+00
2.633100000000000000e+04 -2.247227771255956963e+00
2.634100000000000000e+04 0.000000000000000000e+00
2.641100000000000000e+04 0.000000000000000000e+00
2.642100000000000000e+04 -1.947504528425923809e+00
2.643100000000000000e+04 -4.361498661619501505e+00
2.644100000000000000e+04 0.000000000000000000e+00
3.111100000000000000e+04 -3.856878981519795246e+00
3.112100000000000000e+04 0.000000000000000000e+00
3.113100000000000000e+04 0.000000000000000000e+00
3.114100000000000000e+04 -3.667542531961878627e+00
3.121100000000000000e+04 -4.390302704704442505e+00
3.122100000000000000e+04 0.000000000000000000e+00
3.123100000000000000e+04 0.000000000000000000e+00
3.124100000000000000e+04 -3.027134901824129809e+00
3.131100000000000000e+04 -5.630865045015299053e+00
3.132100000000000000e+04 0.000000000000000000e+00
3.133100000000000000e+04 0.000000000000000000e+00
3.134100000000000000e+04 -1.239268534695823210e+00
3.141100000000000000e+04 -2.061347778623380478e+00
3.142100000000000000e+04 0.000000000000000000e+00
3.143100000000000000e+04 0.000000000000000000e+00
3.144100000000000000e+04 -6.671192177816829272e-01
3.211100000000000000e+04 -4.784183363845037285e+00
3.212100000000000000e+04 0.000000000000000000e+00
3.213100000000000000e+04 0.000000000000000000e+00
3.214100000000000000e+04 -4.885030283297974840e+00
3.221100000000000000e+04 -3.897607915936383893e+00
3.222100000000000000e+04 0.000000000000000000e+00
3.223100000000000000e+04 0.000000000000000000e+00
3.224100000000000000e+04 -2.024092689855982119e+00
3.231100000000000000e+04 -3.587038318000621562e+00
3.232100000000000000e+04 0.000000000000000000e+00
3.233100000000000000e+04 0.000000000000000000e+00
3.234100000000000000e+04 -1.376242085341645494e+00
3.241100000000000000e+04 -1.589316448264604498e+00
3.242100000000000000e+04 0.000000000000000000e+00
3.243100000000000000e+04 0.000000000000000000e+00
3.244100000000000000e+04 -1.070015052897717478e+00
3.311100000000000000e+04 -4.723031778216290277e+00
3.312100000000000000e+04 -3.926625247770378468e+00
3.313100000000000000e+04 -3.567256851702040876e+00
3.314100000000000000e+04 -4.072404938522122819e+00
3.321100000000000000e+04 -3.880401864468703277e+00
3.322100000000000000e+04 -3.337336451766694800e+00
3.323100000000000000e+04 -1.977119809074622925e+00
3.324100000000000000e+04 -9.908029793034206500e-01
3.331100000000000000e+04 -2.580455070777803339e+00
3.332100000000000000e+04 -2.738157490111253090e+00
3.333100000000000000e+04 -1.619294562894336487e+00
3.334100000000000000e+04 -1.035274659591877588e+00
3.341100000000000000e+04 -4.013270305895275669e-01
3.342100000000000000e+04 -6.224182473067795263e-01
3.343100000000000000e+04 -2.167753964646366820e-03
3.344100000000000000e+04 -8.855179676506079733e-01
3.411100000000000000e+04 0.000000000000000000e+00
3.412100000000000000e+04 -4.338288973402147697e+00
3.413100000000000000e+04 -2.362396785517147713e+00
3.414100000000000000e+04 0.000000000000000000e+00
3.421100000000000000e+04 0.000000000000000000e+00
3.422100000000000000e+04 -2.642709021393343516e+00
3.423100000000000000e+04 -1.850517330642246439e+00
3.424100000000000000e+04 0.000000000000000000e+00
3.431100000000000000e+04 0.000000000000000000e+00
3.432100000000000000e+04 -2.231026089665087309e+00
3.433100000000000000e+04 -1.471283296294542575e+00
3.434100000000000000e+04 0.000000000000000000e+00
3.441100000000000000e+04 0.000000000000000000e+00
3.442100000000000000e+04 -8.878101970722772629e-01
3.443100000000000000e+04 -1.073610628781723308e+00
3.444100000000000000e+04 0.000000000000000000e+00
3.511100000000000000e+04 0.000000000000000000e+00
3.512100000000000000e+04 -3.426582564567044464e+00
3.513100000000000000e+04 -3.710961739038714846e+00
3.514100000000000000e+04 0.000000000000000000e+00
3.521100000000000000e+04 0.000000000000000000e+00
3.522100000000000000e+04 -3.212089626054453362e+00
3.523100000000000000e+04 -3.349738940988374658e+00
3.524100000000000000e+04 0.000000000000000000e+00
3.531100000000000000e+04 -9.664456604413493301e-02
3.532100000000000000e+04 -1.981515644895380124e+00
3.533100000000000000e+04 -2.277153577609021706e+00
3.534100000000000000e+04 0.000000000000000000e+00
3.541100000000000000e+04 0.000000000000000000e+00
3.542100000000000000e+04 -9.746219944447230832e-01
3.543100000000000000e+04 -2.312284437271465265e+00
3.544100000000000000e+04 0.000000000000000000e+00
3.611100000000000000e+04 0.000000000000000000e+00
3.612100000000000000e+04 -2.447712824721984592e+00
3.613100000000000000e+04 -2.102138529310182413e+00
3.614100000000000000e+04 0.000000000000000000e+00
3.621100000000000000e+04 0.000000000000000000e+00
3.622100000000000000e+04 -2.200588078551762194e+00
3.623100000000000000e+04 -2.544854273535385403e+00
3.624100000000000000e+04 0.000000000000000000e+00
3.631100000000000000e+04 0.000000000000000000e+00
3.632100000000000000e+04 -1.252673843466161285e+00
3.633100000000000000e+04 -3.005386645994319927e+00
3.634100000000000000e+04 0.000000000000000000e+00
3.641100000000000000e+04 0.000000000000000000e+00
3.642100000000000000e+04 -9.897125896627900765e-01
3.643100000000000000e+04 -3.211052756937361252e+00
3.644100000000000000e+04 0.000000000000000000e+00
4.111100000000000000e+04 -2.983659914153218740e+00
4.112100000000000000e+04 0.000000000000000000e+00
4.113100000000000000e+04 0.000000000000000000e+00
4.114100000000000000e+04 -3.174363905094164551e+00
4.121100000000000000e+04 -2.820719987767581483e+00
4.122100000000000000e+04 0.000000000000000000e+00
4.123100000000000000e+04 0.000000000000000000e+00
4.124100000000000000e+04 -2.474346980685111941e+00
4.131100000000000000e+04 -2.924977093580830356e+00
4.132100000000000000e+04 0.000000000000000000e+00
4.133100000000000000e+04 0.000000000000000000e+00
4.134100000000000000e+04 -1.578881475448560723e+00
4.141100000000000000e+04 -3.996712935013542634e+00
4.142100000000000000e+04 0.000000000000000000e+00
4.143100000000000000e+04 0.000000000000000000e+00
4.144100000000000000e+04 -1.126246177960983363e+00
4.211100000000000000e+04 -3.476847930623497174e+00
4.212100000000000000e+04 0.000000000000000000e+00
4.213100000000000000e+04 0.000000000000000000e+00
4.214100000000000000e+04 -4.582259002060057540e+00
4.221100000000000000e+04 -3.255378346192709937e+00
4.222100000000000000e+04 0.000000000000000000e+00
4.223100000000000000e+04 0.000000000000000000e+00
4.224100000000000000e+04 -1.670035206009820694e+00
4.231100000000000000e+04 -3.549195304276643537e+00
4.232100000000000000e+04 0.000000000000000000e+00
4.233100000000000000e+04 0.000000000000000000e+00
4.234100000000000000e+04 -9.082016392545979588e-01
4.241100000000000000e+04 -2.063939361378166026e+00
4.242100000000000000e+04 0.000000000000000000e+00
4.243100000000000000e+04 0.000000000000000000e+00
4.244100000000000000e+04 -1.218157138577775855e+00
4.311100000000000000e+04 -2.881646097422938979e+00
4.312100000000000000e+04 0.000000000000000000e+00
4.313100000000000000e+04 0.000000000000000000e+00
4.314100000000000000e+04 -4.006651669102793356e+00
4.321100000000000000e+04 -2.106483146806297668e+00
4.322100000000000000e+04 0.000000000000000000e+00
4.323100000000000000e+04 0.000000000000000000e+00
4.324100000000000000e+04 -2.263876873246153387e+00
4.331100000000000000e+04 -2.199019557448163464e+00
4.332100000000000000e+04 0.000000000000000000e+00
4.333100000000000000e+04 0.000000000000000000e+00
4.334100000000000000e+04 -2.306026314159566493e+00
4.341100000000000000e+04 -7.465960708162864279e-01
4.342100000000000000e+04 0.000000000000000000e+00
4.343100000000000000e+04 0.000000000000000000e+00
4.344100000000000000e+04 -9.952510175810180826e-01
4.411100000000000000e+04 -2.239473469678901818e+00
4.412100000000000000e+04 -3.837326713232768860e+00
4.413100000000000000e+04 -3.542278467044644330e+00
4.414100000000000000e+04 -4.287063846873444106e+00
4.421100000000000000e+04 -2.167425895440152406e+00
4.422100000000000000e+04 -2.673329536326833455e+00
4.423100000000000000e+04 -2.764918337671907089e+00
4.424100000000000000e+04 -3.092541716620907266e+00
4.431100000000000000e+04 -1.620391796372063764e+00
4.432100000000000000e+04 -2.060314074764615810e+00
4.433100000000000000e+04 -2.526627183738854310e+00
4.434100000000000000e+04 -2.718587212662947561e+00
4.441100000000000000e+04 -2.395968839060000077e-01
4.442100000000000000e+04 -6.986627828493899850e-01
4.443100000000000000e+04 0.000000000000000000e+00
4.444100000000000000e+04 0.000000000000000000e+00
4.511100000000000000e+04 0.000000000000000000e+00
4.512100000000000000e+04 -4.786558414802930095e+00
4.513100000000000000e+04 -4.215411477023573994e+00
4.514100000000000000e+04 0.000000000000000000e+00
4.521100000000000000e+04 0.000000000000000000e+00
4.522100000000000000e+04 -2.710024158526898930e+00
4.523100000000000000e+04 -2.567817743940570274e+00
4.524100000000000000e+04 0.000000000000000000e+00
4.531100000000000000e+04 5.449816241015861817e-02
4.532100000000000000e+04 -1.189738278041562181e+00
4.533100000000000000e+04 -2.912517708686752194e+00
4.534100000000000000e+04 0.000000000000000000e+00
4.541100000000000000e+04 0.000000000000000000e+00
4.542100000000000000e+04 -1.243242246945415408e+00
4.543100000000000000e+04 -9.132507889103979037e-01
4.544100000000000000e+04 0.000000000000000000e+00
4.611100000000000000e+04 0.000000000000000000e+00
4.612100000000000000e+04 -4.342754421767574868e+00
4.613100000000000000e+04 -3.092377226705024906e+00
4.614100000000000000e+04 0.000000000000000000e+00
4.621100000000000000e+04 0.000000000000000000e+00
4.622100000000000000e+04 -2.164480383887876780e+00
4.623100000000000000e+04 -4.531429661616845017e+00
4.624100000000000000e+04 0.000000000000000000e+00
4.631100000000000000e+04 0.000000000000000000e+00
4.632100000000000000e+04 -8.900170876790196584e-01
4.633100000000000000e+04 -5.670205040461601342e+00
4.634100000000000000e+04 0.000000000000000000e+00
4.641100000000000000e+04 0.000000000000000000e+00
4.642100000000000000e+04 0.000000000000000000e+00
4.643100000000000000e+04 -2.795102549721820040e+00
4.644100000000000000e+04 0.000000000000000000e+00
5.111100000000000000e+04 0.000000000000000000e+00
5.112100000000000000e+04 0.000000000000000000e+00
5.113100000000000000e+04 0.000000000000000000e+00
5.114100000000000000e+04 0.000000000000000000e+00
5.121100000000000000e+04 -3.040300033134008650e+00
5.122100000000000000e+04 0.000000000000000000e+00
5.123100000000000000e+04 0.000000000000000000e+00
5.124100000000000000e+04 -2.465741093156461616e+00
5.131100000000000000e+04 -2.827033144540886500e+00
5.132100000000000000e+04 0.000000000000000000e+00
5.133100000000000000e+04 0.000000000000000000e+00
5.134100000000000000e+04 -1.901140351614214463e+00
5.141100000000000000e+04 -3.674680575022087226e+00
5.142100000000000000e+04 0.000000000000000000e+00
5.143100000000000000e+04 0.000000000000000000e+00
5.144100000000000000e+04 -2.245667357364463435e+00
5.211100000000000000e+04 -3.075723331763661861e+00
5.212100000000000000e+04 0.000000000000000000e+00
5.213100000000000000e+04 5.567441496135856760e-02
5.214100000000000000e+04 -3.566177886013290887e+00
5.221100000000000000e+04 -2.200957666884903130e+00
5.222100000000000000e+04 0.000000000000000000e+00
5.223100000000000000e+04 0.000000000000000000e+00
5.224100000000000000e+04 -2.800182576467955542e+00
5.231100000000000000e+04 -1.478007199189182774e+00
5.232100000000000000e+04 0.000000000000000000e+00
5.233100000000000000e+04 0.000000000000000000e+00
5.234100000000000000e+04 -2.200794847954040012e+00
5.241100000000000000e+04 -1.715414885642453369e+00
5.242100000000000000e+04 0.000000000000000000e+00
5.243100000000000000e+04 0.000000000000000000e+00
5.244100000000000000e+04 -1.931557430125947494e+00
5.311100000000000000e+04 -4.099666786939065943e+00
5.312100000000000000e+04 0.000000000000000000e+00
5.313100000000000000e+04 0.000000000000000000e+00
5.314100000000000000e+04 -3.982142494295697333e+00
5.321100000000000000e+04 -2.350273710745643729e+00
5.322100000000000000e+04 0.000000000000000000e+00
5.323100000000000000e+04 0.000000000000000000e+00
5.324100000000000000e+04 -2.795403481559870063e+00
5.331100000000000000e+04 -1.478694549605930497e+00
5.332100000000000000e+04 0.000000000000000000e+00
5.333100000000000000e+04 -5.777395839628056695e-01
5.334100000000000000e+04 -2.583223560437143629e+00
5.341100000000000000e+04 -7.560708596681117166e-01
5.342100000000000000e+04 0.000000000000000000e+00
5.343100000000000000e+04 0.000000000000000000e+00
5.344100000000000000e+04 -2.512424575524594417e+00
5.411100000000000000e+04 -4.589952272547272116e+00
5.412100000000000000e+04 0.000000000000000000e+00
5.413100000000000000e+04 0.000000000000000000e+00
5.414100000000000000e+04 -4.314339185055806603e+00
5.421100000000000000e+04 -1.602307785697539844e+00
5.422100000000000000e+04 -1.811294671765285857e-01
5.423100000000000000e+04 0.000000000000000000e+00
5.424100000000000000e+04 -4.015363347619267387e+00
5.431100000000000000e+04 -1.440427727525827484e+00
5.432100000000000000e+04 -1.644699889690065184e-02
5.433100000000000000e+04 -5.101250324054427132e-01
5.434100000000000000e+04 -2.694024295566695759e+00
5.441100000000000000e+04 -2.109170150354881534e-01
5.442100000000000000e+04 0.000000000000000000e+00
5.443100000000000000e+04 0.000000000000000000e+00
5.444100000000000000e+04 -8.836577728566026302e-01
5.511100000000000000e+04 -4.348873481336627655e+00
5.512100000000000000e+04 -3.385268820844810733e+00
5.513100000000000000e+04 -5.416905473247004110e+00
5.514100000000000000e+04 -5.124030672157002364e+00
5.521100000000000000e+04 -1.455369667183246118e+00
5.522100000000000000e+04 -2.098382428477622241e+00
5.523100000000000000e+04 -3.717004920464743734e+00
5.524100000000000000e+04 -3.499674601267203755e+00
5.531100000000000000e+04 -9.327527784722637882e-01
5.532100000000000000e+04 -1.413887825454890335e+00
5.533100000000000000e+04 -3.887000784192159220e+00
5.534100000000000000e+04 -3.526419123746942219e+00
5.541100000000000000e+04 -7.767461928467622734e-02
5.542100000000000000e+04 0.000000000000000000e+00
5.543100000000000000e+04 -3.171750187210515826e-01
5.544100000000000000e+04 -9.649222888121897768e-01
5.611100000000000000e+04 0.000000000000000000e+00
5.612100000000000000e+04 -5.508111633029400878e+00
5.613100000000000000e+04 -6.690299236564769991e+00
5.614100000000000000e+04 0.000000000000000000e+00
5.621100000000000000e+04 0.000000000000000000e+00
5.622100000000000000e+04 -1.851875615976946499e+00
5.623100000000000000e+04 -4.509122971944213631e+00
5.624100000000000000e+04 0.000000000000000000e+00
5.631100000000000000e+04 0.000000000000000000e+00
5.632100000000000000e+04 -7.661587143426703550e-01
5.633100000000000000e+04 -3.446373313916758274e+00
5.634100000000000000e+04 0.000000000000000000e+00
5.641100000000000000e+04 0.000000000000000000e+00
5.642100000000000000e+04 -3.980000000000000204e-01
5.643100000000000000e+04 -5.160490435967569622e-01
5.644100000000000000e+04 0.000000000000000000e+00
6.111100000000000000e+04 0.000000000000000000e+00
6.112100000000000000e+04 -3.236789170787197634e-01
6.113100000000000000e+04 0.000000000000000000e+00
6.114100000000000000e+04 0.000000000000000000e+00
6.121100000000000000e+04 -1.765961240334224192e+00
6.122100000000000000e+04 -5.415803759921742344e-01
6.123100000000000000e+04 0.000000000000000000e+00
6.124100000000000000e+04 -1.818417773875622423e+00
6.131100000000000000e+04 -2.456817670116957064e+00
6.132100000000000000e+04 0.000000000000000000e+00
6.133100000000000000e+04 0.000000000000000000e+00
6.134100000000000000e+04 -1.542234688118296226e+00
6.141100000000000000e+04 -2.998445322786054579e+00
6.142100000000000000e+04 0.000000000000000000e+00
6.143100000000000000e+04 0.000000000000000000e+00
6.144100000000000000e+04 -1.586586300303366226e+00
6.211100000000000000e+04 0.000000000000000000e+00
6.212100000000000000e+04 0.000000000000000000e+00
6.213100000000000000e+04 0.000000000000000000e+00
6.214100000000000000e+04 0.000000000000000000e+00
6.221100000000000000e+04 -1.431159702166951098e+00
6.222100000000000000e+04 -8.710118552742035503e-01
6.223100000000000000e+04 0.000000000000000000e+00
6.224100000000000000e+04 -2.406782223011811883e+00
6.231100000000000000e+04 -1.831682207382252292e+00
6.232100000000000000e+04 0.000000000000000000e+00
6.233100000000000000e+04 0.000000000000000000e+00
6.234100000000000000e+04 -1.039216610497040616e+00
6.241100000000000000e+04 -2.125634549259370232e+00
6.242100000000000000e+04 0.000000000000000000e+00
6.243100000000000000e+04 0.000000000000000000e+00
6.244100000000000000e+04 -2.082080175454265714e+00
6.311100000000000000e+04 -2.970958629164663911e+00
6.312100000000000000e+04 0.000000000000000000e+00
6.313100000000000000e+04 0.000000000000000000e+00
6.314100000000000000e+04 -4.903620460210653675e+00
6.321100000000000000e+04 -1.243491331588455040e+00
6.322100000000000000e+04 -1.827444321877850220e-01
6.323100000000000000e+04 4.711294134352917232e-03
6.324100000000000000e+04 -3.093345495455176675e+00
6.331100000000000000e+04 -8.246671399963114713e-01
6.332100000000000000e+04 0.000000000000000000e+00
6.333100000000000000e+04 0.000000000000000000e+00
6.334100000000000000e+04 -2.644734779759337684e+00
6.341100000000000000e+04 -1.278212365501036674e+00
6.342100000000000000e+04 0.000000000000000000e+00
6.343100000000000000e+04 0.000000000000000000e+00
6.344100000000000000e+04 -1.726361571533048700e+00
6.411100000000000000e+04 -3.490029885212759808e+00
6.412100000000000000e+04 0.000000000000000000e+00
6.413100000000000000e+04 0.000000000000000000e+00
6.414100000000000000e+04 -6.374000839466122059e+00
6.421100000000000000e+04 -1.245372310866034393e+00
6.422100000000000000e+04 -2.576184412075070429e-01
6.423100000000000000e+04 0.000000000000000000e+00
6.424100000000000000e+04 -2.719818506537214464e+00
6.431100000000000000e+04 -7.958147929078559502e-01
6.432100000000000000e+04 -2.538789903876711995e-01
6.433100000000000000e+04 0.000000000000000000e+00
6.434100000000000000e+04 -3.258146172847388833e+00
6.441100000000000000e+04 -1.136401165802705948e-01
6.442100000000000000e+04 0.000000000000000000e+00
6.443100000000000000e+04 0.000000000000000000e+00
6.444100000000000000e+04 5.081151866910543768e-02
6.511100000000000000e+04 -3.587642185118637084e+00
6.512100000000000000e+04 0.000000000000000000e+00
6.513100000000000000e+04 0.000000000000000000e+00
6.514100000000000000e+04 -6.244992378338025674e+00
6.521100000000000000e+04 -2.037836177603975063e+00
6.522100000000000000e+04 0.000000000000000000e+00
6.523100000000000000e+04 0.000000000000000000e+00
6.524100000000000000e+04 -3.980927808666941736e+00
6.531100000000000000e+04 -6.652418995528058820e-01
6.532100000000000000e+04 -3.789771866359785135e-01
6.533100000000000000e+04 -1.255027374228285808e-01
6.534100000000000000e+04 -3.123891004305659802e+00
6.541100000000000000e+04 1.293707294414894460e-01
6.542100000000000000e+04 0.000000000000000000e+00
6.543100000000000000e+04 0.000000000000000000e+00
6.544100000000000000e+04 -4.033092387405997625e-01
6.611100000000000000e+04 -4.573770433051895345e+00
6.612100000000000000e+04 -3.938968950122739177e+00
6.613100000000000000e+04 -7.806814483417465311e+00
6.614100000000000000e+04 -8.751826610261664641e+00
6.621100000000000000e+04 -1.220331553676197611e+00
6.622100000000000000e+04 -2.405997240328321407e+00
6.623100000000000000e+04 -4.762586448140780249e+00
6.624100000000000000e+04 -3.849946020084574982e+00
6.631100000000000000e+04 -6.217444574262340762e-01
6.632100000000000000e+04 -1.196399730633260772e+00
6.633100000000000000e+04 -3.460005428235229719e+00
6.634100000000000000e+04 -4.030319652983390455e+00
6.641100000000000000e+04 0.000000000000000000e+00
6.642100000000000000e+04 0.000000000000000000e+00
6.643100000000000000e+04 0.000000000000000000e+00
6.644100000000000000e+04 0.000000000000000000e+00
7.111100000000000000e+04 0.000000000000000000e+00
7.112100000000000000e+04 -4.265477406078735934e-01
7.113100000000000000e+04 0.000000000000000000e+00
7.114100000000000000e+04 0.000000000000000000e+00
7.121100000000000000e+04 0.000000000000000000e+00
7.122100000000000000e+04 0.000000000000000000e+00
7.123100000000000000e+04 0.000000000000000000e+00
7.124100000000000000e+04 0.000000000000000000e+00
7.131100000000000000e+04 0.000000000000000000e+00
7.132100000000000000e+04 -3.322674109954308896e-01
7.133100000000000000e+04 0.000000000000000000e+00
7.134100000000000000e+04 0.000000000000000000e+00
7.141100000000000000e+04 0.000000000000000000e+00
7.142100000000000000e+04 0.000000000000000000e+00
7.143100000000000000e+04 0.000000000000000000e+00
7.144100000000000000e+04 0.000000000000000000e+00
7.211100000000000000e+04 0.000000000000000000e+00
7.212100000000000000e+04 0.000000000000000000e+00
7.213100000000000000e+04 0.000000000000000000e+00
7.214100000000000000e+04 0.000000000000000000e+00
7.221100000000000000e+04 -5.372581814242055609e-01
7.222100000000000000e+04 -7.194486787667953021e-01
7.223100000000000000e+04 0.000000000000000000e+00
7.224100000000000000e+04 0.000000000000000000e+00
7.231100000000000000e+04 -2.678775218271478575e-01
7.232100000000000000e+04 -7.377378193301721288e-01
7.233100000000000000e+04 0.000000000000000000e+00
7.234100000000000000e+04 -8.500093322708884847e-01
7.241100000000000000e+04 0.000000000000000000e+00
7.242100000000000000e+04 0.000000000000000000e+00
7.243100000000000000e+04 0.000000000000000000e+00
7.244100000000000000e+04 0.000000000000000000e+00
7.311100000000000000e+04 0.000000000000000000e+00
7.312100000000000000e+04 0.000000000000000000e+00
7.313100000000000000e+04 0.000000000000000000e+00
7.314100000000000000e+04 0.000000000000000000e+00
7.321100000000000000e+04 0.000000000000000000e+00
7.322100000000000000e+04 0.000000000000000000e+00
7.323100000000000000e+04 0.000000000000000000e+00
7.324100000000000000e+04 -2.490856025029437870e-01
7.331100000000000000e+04 0.000000000000000000e+00
7.332100000000000000e+04 -6.773728455640051216e-01
7.333100000000000000e+04 0.000000000000000000e+00
7.334100000000000000e+04 -2.093119082847572088e-01
7.341100000000000000e+04 0.000000000000000000e+00
7.342100000000000000e+04 0.000000000000000000e+00
7.343100000000000000e+04 0.000000000000000000e+00
7.344100000000000000e+04 0.000000000000000000e+00
7.411100000000000000e+04 0.000000000000000000e+00
7.412100000000000000e+04 0.000000000000000000e+00
7.413100000000000000e+04 0.000000000000000000e+00
7.414100000000000000e+04 0.000000000000000000e+00
7.421100000000000000e+04 -2.439710219466863783e-01
7.422100000000000000e+04 -3.356338367116749044e-01
7.423100000000000000e+04 0.000000000000000000e+00
7.424100000000000000e+04 -8.038646629598446003e-01
7.431100000000000000e+04 0.000000000000000000e+00
7.432100000000000000e+04 -6.894452875892362886e-01
7.433100000000000000e+04 0.000000000000000000e+00
7.434100000000000000e+04 -1.211207740506699659e+00
7.441100000000000000e+04 0.000000000000000000e+00
7.442100000000000000e+04 0.000000000000000000e+00
7.443100000000000000e+04 0.000000000000000000e+00
7.444100000000000000e+04 0.000000000000000000e+00
7.511100000000000000e+04 0.000000000000000000e+00
7.512100000000000000e+04 0.000000000000000000e+00
7.513100000000000000e+04 0.000000000000000000e+00
7.514100000000000000e+04 -5.258676573562909295e-01
7.521100000000000000e+04 -7.869602680635210401e-01
7.522100000000000000e+04 0.000000000000000000e+00
7.523100000000000000e+04 0.000000000000000000e+00
7.524100000000000000e+04 -2.429438474788399027e+00
7.531100000000000000e+04 -4.649672815792015301e-01
7.532100000000000000e+04 -5.788109080357024538e-01
7.533100000000000000e+04 0.000000000000000000e+00
7.534100000000000000e+04 -1.879084838989656392e+00
7.541100000000000000e+04 0.000000000000000000e+00
7.542100000000000000e+04 0.000000000000000000e+00
7.543100000000000000e+04 0.000000000000000000e+00
7.544100000000000000e+04 0.000000000000000000e+00
7.611100000000000000e+04 0.000000000000000000e+00
7.612100000000000000e+04 0.000000000000000000e+00
7.613100000000000000e+04 0.000000000000000000e+00
7.614100000000000000e+04 0.000000000000000000e+00
7.621100000000000000e+04 0.000000000000000000e+00
7.622100000000000000e+04 0.000000000000000000e+00
7.623100000000000000e+04 0.000000000000000000e+00
7.624100000000000000e+04 -6.062825188694560552e-01
7.631100000000000000e+04 0.000000000000000000e+00
7.632100000000000000e+04 -1.219248377512743703e-01
7.633100000000000000e+04 0.000000000000000000e+00
7.634100000000000000e+04 -2.194273498612484552e-01
7.641100000000000000e+04 0.000000000000000000e+00
7.642100000000000000e+04 0.000000000000000000e+00
7.643100000000000000e+04 0.000000000000000000e+00
7.644100000000000000e+04 0.000000000000000000e+00
8.111100000000000000e+04 0.000000000000000000e+00
8.112100000000000000e+04 0.000000000000000000e+00
8.113100000000000000e+04 0.000000000000000000e+00
8.114100000000000000e+04 0.000000000000000000e+00
8.121100000000000000e+04 0.000000000000000000e+00
8.122100000000000000e+04 0.000000000000000000e+00
8.123100000000000000e+04 0.000000000000000000e+00
8.124100000000000000e+04 0.000000000000000000e+00
8.131100000000000000e+04 0.000000000000000000e+00
8.132100000000000000e+04 0.000000000000000000e+00
8.133100000000000000e+04 0.000000000000000000e+00
8.134100000000000000e+04 0.000000000000000000e+00
8.141100000000000000e+04 0.000000000000000000e+00
8.142100000000000000e+04 0.000000000000000000e+00
8.143100000000000000e+04 0.000000000000000000e+00
8.144100000000000000e+04 0.000000000000000000e+00
8.211100000000000000e+04 0.000000000000000000e+00
8.212100000000000000e+04 0.000000000000000000e+00
8.213100000000000000e+04 0.000000000000000000e+00
8.214100000000000000e+04 0.000000000000000000e+00
8.221100000000000000e+04 0.000000000000000000e+00
8.222100000000000000e+04 -2.916046135575354192e-01
8.223100000000000000e+04 0.000000000000000000e+00
8.224100000000000000e+04 0.000000000000000000e+00
8.231100000000000000e+04 -1.339513130238732530e-01
8.232100000000000000e+04 -4.705856799220118347e-01
8.233100000000000000e+04 0.000000000000000000e+00
8.234100000000000000e+04 0.000000000000000000e+00
8.241100000000000000e+04 0.000000000000000000e+00
8.242100000000000000e+04 0.000000000000000000e+00
8.243100000000000000e+04 0.000000000000000000e+00
8.244100000000000000e+04 0.000000000000000000e+00
8.311100000000000000e+04 0.000000000000000000e+00
8.312100000000000000e+04 0.000000000000000000e+00
8.313100000000000000e+04 0.000000000000000000e+00
8.314100000000000000e+04 0.000000000000000000e+00
8.321100000000000000e+04 0.000000000000000000e+00
8.322100000000000000e+04 -1.208101670844866637e-01
8.323100000000000000e+04 0.000000000000000000e+00
8.324100000000000000e+04 0.000000000000000000e+00
8.331100000000000000e+04 -4.587445966012430043e-01
8.332100000000000000e+04 0.000000000000000000e+00
8.333100000000000000e+04 0.000000000000000000e+00
8.334100000000000000e+04 0.000000000000000000e+00
8.341100000000000000e+04 0.000000000000000000e+00
8.342100000000000000e+04 0.000000000000000000e+00
8.343100000000000000e+04 0.000000000000000000e+00
8.344100000000000000e+04 0.000000000000000000e+00
8.411100000000000000e+04 0.000000000000000000e+00
8.412100000000000000e+04 0.000000000000000000e+00
8.413100000000000000e+04 0.000000000000000000e+00
8.414100000000000000e+04 0.000000000000000000e+00
8.421100000000000000e+04 0.000000000000000000e+00
8.422100000000000000e+04 0.000000000000000000e+00
8.423100000000000000e+04 0.000000000000000000e+00
8.424100000000000000e+04 0.000000000000000000e+00
8.431100000000000000e+04 0.000000000000000000e+00
8.432100000000000000e+04 2.161995286441972253e-01
8.433100000000000000e+04 0.000000000000000000e+00
8.434100000000000000e+04 0.000000000000000000e+00
8.441100000000000000e+04 0.000000000000000000e+00
8.442100000000000000e+04 0.000000000000000000e+00
8.443100000000000000e+04 0.000000000000000000e+00
8.444100000000000000e+04 0.000000000000000000e+00
8.511100000000000000e+04 0.000000000000000000e+00
8.512100000000000000e+04 0.000000000000000000e+00
8.513100000000000000e+04 0.000000000000000000e+00
8.514100000000000000e+04 0.000000000000000000e+00
8.521100000000000000e+04 0.000000000000000000e+00
8.522100000000000000e+04 -1.411953696234179434e-01
8.523100000000000000e+04 0.000000000000000000e+00
8.524100000000000000e+04 0.000000000000000000e+00
8.531100000000000000e+04 -1.556051276121915850e-01
8.532100000000000000e+04 0.000000000000000000e+00
8.533100000000000000e+04 0.000000000000000000e+00
8.534100000000000000e+04 0.000000000000000000e+00
8.541100000000000000e+04 0.000000000000000000e+00
8.542100000000000000e+04 0.000000000000000000e+00
8.543100000000000000e+04 0.000000000000000000e+00
8.544100000000000000e+04 0.000000000000000000e+00
8.611100000000000000e+04 0.000000000000000000e+00
8.612100000000000000e+04 0.000000000000000000e+00
8.613100000000000000e+04 0.000000000000000000e+00
8.614100000000000000e+04 0.000000000000000000e+00
8.621100000000000000e+04 0.000000000000000000e+00
8.622100000000000000e+04 0.000000000000000000e+00
8.623100000000000000e+04 0.000000000000000000e+00
8.624100000000000000e+04 0.000000000000000000e+00
8.631100000000000000e+04 0.000000000000000000e+00
8.632100000000000000e+04 -1.678477639308036118e-02
8.633100000000000000e+04 0.000000000000000000e+00
8.634100000000000000e+04 0.000000000000000000e+00
8.641100000000000000e+04 0.000000000000000000e+00
8.642100000000000000e+04 0.000000000000000000e+00
8.643100000000000000e+04 0.000000000000000000e+00
8.644100000000000000e+04 0.000000000000000000e+00
