1.111300000000000000e+04 -1.459229416726212847e+01
1.112300000000000000e+04 -1.866703495866910245e+01
1.113300000000000000e+04 -1.962337200009085336e+01
1.114300000000000000e+04 -1.600519156017771749e+01
1.121300000000000000e+04 -1.028794845447803752e+01
1.122300000000000000e+04 -1.319837999075182466e+01
1.123300000000000000e+04 -1.457988300073140309e+01
1.124300000000000000e+04 -1.354403663530971258e+01
1.131300000000000000e+04 -8.089344182505392666e+00
1.132300000000000000e+04 -9.509856928373380924e+00
1.133300000000000000e+04 -1.241151134190538485e+01
1.134300000000000000e+04 -1.182353577159286040e+01
1.141300000000000000e+04 0.000000000000000000e+00
1.142300000000000000e+04 0.000000000000000000e+00
1.143300000000000000e+04 0.000000000000000000e+00
1.144300000000000000e+04 0.000000000000000000e+00
1.211300000000000000e+04 0.000000000000000000e+00
1.212300000000000000e+04 -1.793360666091167133e+01
1.213300000000000000e+04 -1.848607907841276798e+01
1.214300000000000000e+04 0.000000000000000000e+00
1.221300000000000000e+04 0.000000000000000000e+00
1.222300000000000000e+04 -1.149863260959389777e+01
1.223300000000000000e+04 -1.434348941914008613e+01
1.224300000000000000e+04 0.000000000000000000e+00
1.231300000000000000e+04 0.000000000000000000e+00
1.232300000000000000e+04 -9.408714301068009433e+00
1.233300000000000000e+04 -1.155946640656574331e+01
1.234300000000000000e+04 0.000000000000000000e+00
1.241300000000000000e+04 0.000000000000000000e+00
1.242300000000000000e+04 -2.204101876294993212e-01
1.243300000000000000e+04 -2.717680642461775875e+00
1.244300000000000000e+04 0.000000000000000000e+00
1.311300000000000000e+04 0.000000000000000000e+00
1.312300000000000000e+04 -1.429909487874906127e+01
1.313300000000000000e+04 -1.413854995475394816e+01
1.314300000000000000e+04 0.000000000000000000e+00
1.321300000000000000e+04 0.000000000000000000e+00
1.322300000000000000e+04 -9.020906210061937713e+00
1.323300000000000000e+04 -1.274642371036939004e+01
1.324300000000000000e+04 0.000000000000000000e+00
1.331300000000000000e+04 0.000000000000000000e+00
1.332300000000000000e+04 -8.642380363127553977e+00
1.333300000000000000e+04 -1.093120511904121095e+01
1.334300000000000000e+04 0.000000000000000000e+00
1.341300000000000000e+04 0.000000000000000000e+00
1.342300000000000000e+04 -3.505769056905259085e+00
1.343300000000000000e+04 -6.265384803257123991e+00
1.344300000000000000e+04 0.000000000000000000e+00
1.411300000000000000e+04 0.000000000000000000e+00
1.412300000000000000e+04 -1.286835550448589949e+01
1.413300000000000000e+04 -1.366376397110337138e+01
1.414300000000000000e+04 0.000000000000000000e+00
1.421300000000000000e+04 0.000000000000000000e+00
1.422300000000000000e+04 -9.232778358859636825e+00
1.423300000000000000e+04 -1.189864665112569320e+01
1.424300000000000000e+04 0.000000000000000000e+00
1.431300000000000000e+04 0.000000000000000000e+00
1.432300000000000000e+04 -7.567069520718298747e+00
1.433300000000000000e+04 -9.384439739921578649e+00
1.434300000000000000e+04 -5.592759073809550063e-01
1.441300000000000000e+04 0.000000000000000000e+00
1.442300000000000000e+04 -5.641055773542658969e+00
1.443300000000000000e+04 -8.523400470149336883e+00
1.444300000000000000e+04 0.000000000000000000e+00
1.511300000000000000e+04 0.000000000000000000e+00
1.512300000000000000e+04 0.000000000000000000e+00
1.513300000000000000e+04 0.000000000000000000e+00
1.514300000000000000e+04 0.000000000000000000e+00
1.521300000000000000e+04 0.000000000000000000e+00
1.522300000000000000e+04 -8.623999632625766409e+00
1.523300000000000000e+04 -1.093920766796247079e+01
1.524300000000000000e+04 0.000000000000000000e+00
1.531300000000000000e+04 0.000000000000000000e+00
1.532300000000000000e+04 -7.865294317732429263e+00
1.533300000000000000e+04 -1.025259306335913401e+01
1.534300000000000000e+04 0.000000000000000000e+00
1.541300000000000000e+04 0.000000000000000000e+00
1.542300000000000000e+04 -6.633602525806726824e+00
1.543300000000000000e+04 -8.639291055856638479e+00
1.544300000000000000e+04 0.000000000000000000e+00
1.611300000000000000e+04 0.000000000000000000e+00
1.612300000000000000e+04 0.000000000000000000e+00
1.613300000000000000e+04 0.000000000000000000e+00
1.614300000000000000e+04 0.000000000000000000e+00
1.621300000000000000e+04 0.000000000000000000e+00
1.622300000000000000e+04 -8.419676633920154529e+00
1.623300000000000000e+04 -9.493482650055831584e+00
1.624300000000000000e+04 0.000000000000000000e+00
1.631300000000000000e+04 0.000000000000000000e+00
1.632300000000000000e+04 -7.039196411052948577e+00
1.633300000000000000e+04 -9.290745756548600909e+00
1.634300000000000000e+04 0.000000000000000000e+00
1.641300000000000000e+04 0.000000000000000000e+00
1.642300000000000000e+04 -6.937577743968976307e+00
1.643300000000000000e+04 -8.620779010000319431e+00
1.644300000000000000e+04 0.000000000000000000e+00
2.111300000000000000e+04 -1.125697706793450692e+01
2.112300000000000000e+04 0.000000000000000000e+00
2.113300000000000000e+04 0.000000000000000000e+00
2.114300000000000000e+04 -1.321986768855220973e+01
2.121300000000000000e+04 -8.581651447253364040e+00
2.122300000000000000e+04 0.000000000000000000e+00
2.123300000000000000e+04 0.000000000000000000e+00
2.124300000000000000e+04 -1.083454069417851962e+01
2.131300000000000000e+04 -8.888059041038740560e+00
2.132300000000000000e+04 0.000000000000000000e+00
2.133300000000000000e+04 0.000000000000000000e+00
2.134300000000000000e+04 -1.095518522178757514e+01
2.141300000000000000e+04 -2.074543454650144447e+00
2.142300000000000000e+04 0.000000000000000000e+00
2.143300000000000000e+04 0.000000000000000000e+00
2.144300000000000000e+04 -9.612756959269330714e-01
2.211300000000000000e+04 -1.006900225868555587e+01
2.212300000000000000e+04 -1.246236571542358895e+01
2.213300000000000000e+04 -1.318653582198209762e+01
2.214300000000000000e+04 -1.065835411466763105e+01
2.221300000000000000e+04 -9.093581409952578909e+00
2.222300000000000000e+04 -1.020099323397595903e+01
2.223300000000000000e+04 -1.240144748081549153e+01
2.224300000000000000e+04 -1.010667474815072886e+01
2.231300000000000000e+04 -7.244285331547076545e+00
2.232300000000000000e+04 -8.419179268633776303e+00
2.233300000000000000e+04 -1.039310450702625133e+01
2.234300000000000000e+04 -8.903507074856934267e+00
2.241300000000000000e+04 -1.162857630177238866e+00
2.242300000000000000e+04 -2.449002084772214261e+00
2.243300000000000000e+04 -1.012028916181638927e+00
2.244300000000000000e+04 0.000000000000000000e+00
2.311300000000000000e+04 0.000000000000000000e+00
2.312300000000000000e+04 -1.288164180247420632e+01
2.313300000000000000e+04 -1.238783812881381685e+01
2.314300000000000000e+04 0.000000000000000000e+00
2.321300000000000000e+04 0.000000000000000000e+00
2.322300000000000000e+04 -1.013152463321698526e+01
2.323300000000000000e+04 -1.145030351001048174e+01
2.324300000000000000e+04 0.000000000000000000e+00
2.331300000000000000e+04 0.000000000000000000e+00
2.332300000000000000e+04 -7.759607186811248170e+00
2.333300000000000000e+04 -1.086712083710532895e+01
2.334300000000000000e+04 0.000000000000000000e+00
2.341300000000000000e+04 0.000000000000000000e+00
2.342300000000000000e+04 -3.357113578669455034e+00
2.343300000000000000e+04 -4.115700211714125700e+00
2.344300000000000000e+04 0.000000000000000000e+00
2.411300000000000000e+04 0.000000000000000000e+00
2.412300000000000000e+04 -1.008834283236202367e+01
2.413300000000000000e+04 -1.127746851294078745e+01
2.414300000000000000e+04 0.000000000000000000e+00
2.421300000000000000e+04 0.000000000000000000e+00
2.422300000000000000e+04 -9.971449594283875228e+00
2.423300000000000000e+04 -1.006633062712365501e+01
2.424300000000000000e+04 0.000000000000000000e+00
2.431300000000000000e+04 0.000000000000000000e+00
2.432300000000000000e+04 -7.466258922015281740e+00
2.433300000000000000e+04 -9.127192753111671664e+00
2.434300000000000000e+04 0.000000000000000000e+00
2.441300000000000000e+04 0.000000000000000000e+00
2.442300000000000000e+04 -5.977056386358445828e+00
2.443300000000000000e+04 -8.968456312330786773e+00
2.444300000000000000e+04 0.000000000000000000e+00
2.511300000000000000e+04 0.000000000000000000e+00
2.512300000000000000e+04 -1.039888448956397760e+01
2.513300000000000000e+04 -1.203221486611898072e+01
2.514300000000000000e+04 0.000000000000000000e+00
2.521300000000000000e+04 0.000000000000000000e+00
2.522300000000000000e+04 -8.469220906161435636e+00
2.523300000000000000e+04 -9.981497379143000614e+00
2.524300000000000000e+04 0.000000000000000000e+00
2.531300000000000000e+04 0.000000000000000000e+00
2.532300000000000000e+04 -8.029389357854920917e+00
2.533300000000000000e+04 -9.270024578978892649e+00
2.534300000000000000e+04 0.000000000000000000e+00
2.541300000000000000e+04 0.000000000000000000e+00
2.542300000000000000e+04 -6.335421680696686764e+00
2.543300000000000000e+04 -8.066748875994781187e+00
2.544300000000000000e+04 0.000000000000000000e+00
2.611300000000000000e+04 0.000000000000000000e+00
2.612300000000000000e+04 0.000000000000000000e+00
2.613300000000000000e+04 0.000000000000000000e+00
2.614300000000000000e+04 0.000000000000000000e+00
2.621300000000000000e+04 0.000000000000000000e+00
2.622300000000000000e+04 -8.563846638008572043e+00
2.623300000000000000e+04 -8.823442706047694983e+00
2.624300000000000000e+04 0.000000000000000000e+00
2.631300000000000000e+04 0.000000000000000000e+00
2.632300000000000000e+04 -6.036456467412868676e+00
2.633300000000000000e+04 -8.469159686875133985e+00
2.634300000000000000e+04 0.000000000000000000e+00
2.641300000000000000e+04 0.000000000000000000e+00
2.642300000000000000e+04 -5.741100129260446217e+00
2.643300000000000000e+04 -9.042515586986965559e+00
2.644300000000000000e+04 0.000000000000000000e+00
3.111300000000000000e+04 -8.962465218849716919e+00
3.112300000000000000e+04 0.000000000000000000e+00
3.113300000000000000e+04 0.000000000000000000e+00
3.114300000000000000e+04 -1.022930417083555277e+01
3.121300000000000000e+04 -8.546875132354946558e+00
3.122300000000000000e+04 0.000000000000000000e+00
3.123300000000000000e+04 0.000000000000000000e+00
3.124300000000000000e+04 -8.789332637405184556e+00
3.131300000000000000e+04 -7.490645945936575067e+00
3.132300000000000000e+04 0.000000000000000000e+00
3.133300000000000000e+04 0.000000000000000000e+00
3.134300000000000000e+04 -8.073783206883867081e+00
3.141300000000000000e+04 -2.472153435486341255e+00
3.142300000000000000e+04 0.000000000000000000e+00
3.143300000000000000e+04 0.000000000000000000e+00
3.144300000000000000e+04 -1.120928186389671399e+00
3.211300000000000000e+04 -1.162300071694724046e+01
3.212300000000000000e+04 0.000000000000000000e+00
3.213300000000000000e+04 0.000000000000000000e+00
3.214300000000000000e+04 -1.128371208356569255e+01
3.221300000000000000e+04 -8.548709695245207740e+00
3.222300000000000000e+04 0.000000000000000000e+00
3.223300000000000000e+04 0.000000000000000000e+00
3.224300000000000000e+04 -7.425038739501768958e+00
3.231300000000000000e+04 -8.103422562815504548e+00
3.232300000000000000e+04 0.000000000000000000e+00
3.233300000000000000e+04 0.000000000000000000e+00
3.234300000000000000e+04 -6.685157748491283414e+00
3.241300000000000000e+04 -2.514558784425172444e+00
3.242300000000000000e+04 0.000000000000000000e+00
3.243300000000000000e+04 0.000000000000000000e+00
3.244300000000000000e+04 -3.007874533370153980e+00
3.311300000000000000e+04 -1.012902515118987168e+01
3.312300000000000000e+04 -9.583299042846226357e+00
3.313300000000000000e+04 -9.911842372225098785e+00
3.314300000000000000e+04 -1.008152695943352128e+01
3.321300000000000000e+04 -8.813562952861520472e+00
3.322300000000000000e+04 -9.868702545667581205e+00
3.323300000000000000e+04 -8.824550930772984358e+00
3.324300000000000000e+04 -7.952681508973173941e+00
3.331300000000000000e+04 -6.961574808504298773e+00
3.332300000000000000e+04 -6.859650003975279020e+00
3.333300000000000000e+04 -9.006657270573967367e+00
3.334300000000000000e+04 -6.049552702063109244e+00
3.341300000000000000e+04 0.000000000000000000e+00
3.342300000000000000e+04 -8.344539035097757740e-01
3.343300000000000000e+04 -8.444820755138142676e-01
3.344300000000000000e+04 -3.277175355907049781e+00
3.411300000000000000e+04 0.000000000000000000e+00
3.412300000000000000e+04 -1.180145947389266681e+01
3.413300000000000000e+04 -8.867785689509725344e+00
3.414300000000000000e+04 0.000000000000000000e+00
3.421300000000000000e+04 0.000000000000000000e+00
3.422300000000000000e+04 -7.539352455767843963e+00
3.423300000000000000e+04 -8.385046526498854291e+00
3.424300000000000000e+04 0.000000000000000000e+00
3.431300000000000000e+04 0.000000000000000000e+00
3.432300000000000000e+04 -6.954996600403685392e+00
3.433300000000000000e+04 -7.846729773056141610e+00
3.434300000000000000e+04 0.000000000000000000e+00
3.441300000000000000e+04 0.000000000000000000e+00
3.442300000000000000e+04 -2.887973267007891032e+00
3.443300000000000000e+04 -4.429637544002176242e+00
3.444300000000000000e+04 0.000000000000000000e+00
3.511300000000000000e+04 0.000000000000000000e+00
3.512300000000000000e+04 -1.008301249829763968e+01
3.513300000000000000e+04 -8.386951463927536210e+00
3.514300000000000000e+04 0.000000000000000000e+00
3.521300000000000000e+04 0.000000000000000000e+00
3.522300000000000000e+04 -8.195803413857930764e+00
3.523300000000000000e+04 -9.122464182131089672e+00
3.524300000000000000e+04 0.000000000000000000e+00
3.531300000000000000e+04 0.000000000000000000e+00
3.532300000000000000e+04 -7.266922223055451546e+00
3.533300000000000000e+04 -7.891452613658592519e+00
3.534300000000000000e+04 0.000000000000000000e+00
3.541300000000000000e+04 0.000000000000000000e+00
3.542300000000000000e+04 -4.790708392741827026e+00
3.543300000000000000e+04 -6.031599353892299398e+00
3.544300000000000000e+04 0.000000000000000000e+00
3.611300000000000000e+04 0.000000000000000000e+00
3.612300000000000000e+04 -8.371109925183192857e+00
3.613300000000000000e+04 -9.068281246577647892e+00
3.614300000000000000e+04 0.000000000000000000e+00
3.621300000000000000e+04 0.000000000000000000e+00
3.622300000000000000e+04 -8.811625705244148676e+00
3.623300000000000000e+04 -7.902037887111724501e+00
3.624300000000000000e+04 0.000000000000000000e+00
3.631300000000000000e+04 0.000000000000000000e+00
3.632300000000000000e+04 -6.659886792810675971e+00
3.633300000000000000e+04 -7.692986492049649350e+00
3.634300000000000000e+04 0.000000000000000000e+00
3.641300000000000000e+04 0.000000000000000000e+00
3.642300000000000000e+04 -3.071686925082528941e+00
3.643300000000000000e+04 -6.011450484163993302e+00
3.644300000000000000e+04 0.000000000000000000e+00
4.111300000000000000e+04 -9.756401690606537613e+00
4.112300000000000000e+04 -7.275247787526686327e-01
4.113300000000000000e+04 0.000000000000000000e+00
4.114300000000000000e+04 -8.396709915534541935e+00
4.121300000000000000e+04 -9.201711463038927619e+00
4.122300000000000000e+04 0.000000000000000000e+00
4.123300000000000000e+04 0.000000000000000000e+00
4.124300000000000000e+04 -7.681310656799260173e+00
4.131300000000000000e+04 -7.871397113232601050e+00
4.132300000000000000e+04 0.000000000000000000e+00
4.133300000000000000e+04 0.000000000000000000e+00
4.134300000000000000e+04 -5.914967342276417739e+00
4.141300000000000000e+04 -6.568377795875059100e+00
4.142300000000000000e+04 0.000000000000000000e+00
4.143300000000000000e+04 0.000000000000000000e+00
4.144300000000000000e+04 -5.177888617264728488e+00
4.211300000000000000e+04 -1.059044891671408628e+01
4.212300000000000000e+04 0.000000000000000000e+00
4.213300000000000000e+04 0.000000000000000000e+00
4.214300000000000000e+04 -9.016701614393477726e+00
4.221300000000000000e+04 -9.945804265992347126e+00
4.222300000000000000e+04 0.000000000000000000e+00
4.223300000000000000e+04 -1.146689766501571617e+00
4.224300000000000000e+04 -8.074755892027996040e+00
4.231300000000000000e+04 -7.469619140840085159e+00
4.232300000000000000e+04 0.000000000000000000e+00
4.233300000000000000e+04 0.000000000000000000e+00
4.234300000000000000e+04 -7.046559197052030044e+00
4.241300000000000000e+04 -5.233477852695822996e+00
4.242300000000000000e+04 0.000000000000000000e+00
4.243300000000000000e+04 0.000000000000000000e+00
4.244300000000000000e+04 -5.626416284433194193e+00
4.311300000000000000e+04 -9.975732092358585490e+00
4.312300000000000000e+04 0.000000000000000000e+00
4.313300000000000000e+04 0.000000000000000000e+00
4.314300000000000000e+04 -9.665797556162887716e+00
4.321300000000000000e+04 -9.985547317841765746e+00
4.322300000000000000e+04 -1.649302230494561705e+00
4.323300000000000000e+04 -1.268743311703685039e+00
4.324300000000000000e+04 -8.874776154206452716e+00
4.331300000000000000e+04 -8.629240117565220913e+00
4.332300000000000000e+04 0.000000000000000000e+00
4.333300000000000000e+04 0.000000000000000000e+00
4.334300000000000000e+04 -7.400479415217546375e+00
4.341300000000000000e+04 -4.036867961448389330e+00
4.342300000000000000e+04 0.000000000000000000e+00
4.343300000000000000e+04 0.000000000000000000e+00
4.344300000000000000e+04 -3.810774643656820171e+00
4.411300000000000000e+04 -9.681577175540310165e+00
4.412300000000000000e+04 -1.014210831289016745e+01
4.413300000000000000e+04 -1.105554022527300440e+01
4.414300000000000000e+04 -1.083486805404008990e+01
4.421300000000000000e+04 -1.023576880907560316e+01
4.422300000000000000e+04 -8.162513259014314571e+00
4.423300000000000000e+04 -7.699669759666264213e+00
4.424300000000000000e+04 -7.804964597851395958e+00
4.431300000000000000e+04 -8.812011021049436010e+00
4.432300000000000000e+04 -6.865273059216988827e+00
4.433300000000000000e+04 -7.014712994848354199e+00
4.434300000000000000e+04 -6.361585463321004497e+00
4.441300000000000000e+04 -9.117488526654682346e-01
4.442300000000000000e+04 -1.185670993351814362e+00
4.443300000000000000e+04 -2.330242477603357898e+00
4.444300000000000000e+04 0.000000000000000000e+00
4.511300000000000000e+04 0.000000000000000000e+00
4.512300000000000000e+04 -1.131232514532661959e+01
4.513300000000000000e+04 -1.020863711944539531e+01
4.514300000000000000e+04 0.000000000000000000e+00
4.521300000000000000e+04 0.000000000000000000e+00
4.522300000000000000e+04 -1.000979099138717032e+01
4.523300000000000000e+04 -7.202219940209059423e+00
4.524300000000000000e+04 0.000000000000000000e+00
4.531300000000000000e+04 0.000000000000000000e+00
4.532300000000000000e+04 -8.169942630632270664e+00
4.533300000000000000e+04 -7.509888740910724891e+00
4.534300000000000000e+04 0.000000000000000000e+00
4.541300000000000000e+04 0.000000000000000000e+00
4.542300000000000000e+04 -1.642606437092120952e+00
4.543300000000000000e+04 -1.952654935329358299e+00
4.544300000000000000e+04 0.000000000000000000e+00
4.611300000000000000e+04 0.000000000000000000e+00
4.612300000000000000e+04 -1.065895041351424410e+01
4.613300000000000000e+04 -8.447194546269571447e+00
4.614300000000000000e+04 0.000000000000000000e+00
4.621300000000000000e+04 -1.309122471620474126e+00
4.622300000000000000e+04 -9.706308122818658290e+00
4.623300000000000000e+04 -8.685930127794012634e+00
4.624300000000000000e+04 0.000000000000000000e+00
4.631300000000000000e+04 0.000000000000000000e+00
4.632300000000000000e+04 -8.451175159488972355e+00
4.633300000000000000e+04 -7.134814948143726632e+00
4.634300000000000000e+04 0.000000000000000000e+00
4.641300000000000000e+04 0.000000000000000000e+00
4.642300000000000000e+04 -2.008669895794641835e+00
4.643300000000000000e+04 -2.609926878995084021e+00
4.644300000000000000e+04 0.000000000000000000e+00
5.111300000000000000e+04 0.000000000000000000e+00
5.112300000000000000e+04 0.000000000000000000e+00
5.113300000000000000e+04 0.000000000000000000e+00
5.114300000000000000e+04 0.000000000000000000e+00
5.121300000000000000e+04 -9.179664728858648814e+00
5.122300000000000000e+04 0.000000000000000000e+00
5.123300000000000000e+04 -8.535368019011294605e-01
5.124300000000000000e+04 -8.825131717626197414e+00
5.131300000000000000e+04 -9.243481324833904722e+00
5.132300000000000000e+04 0.000000000000000000e+00
5.133300000000000000e+04 0.000000000000000000e+00
5.134300000000000000e+04 -7.520637049985507083e+00
5.141300000000000000e+04 -8.975926245870599729e+00
5.142300000000000000e+04 0.000000000000000000e+00
5.143300000000000000e+04 0.000000000000000000e+00
5.144300000000000000e+04 -5.984531402572127234e+00
5.211300000000000000e+04 -1.078536404405871352e+01
5.212300000000000000e+04 0.000000000000000000e+00
5.213300000000000000e+04 -1.854689558248352910e+00
5.214300000000000000e+04 -9.157571598490743980e+00
5.221300000000000000e+04 -9.838764436038946570e+00
5.222300000000000000e+04 -4.949999999999999956e-01
5.223300000000000000e+04 -3.041832699124417339e+00
5.224300000000000000e+04 -8.517402357344604269e+00
5.231300000000000000e+04 -9.021431470459969404e+00
5.232300000000000000e+04 0.000000000000000000e+00
5.233300000000000000e+04 0.000000000000000000e+00
5.234300000000000000e+04 -7.654648691411927608e+00
5.241300000000000000e+04 -9.057466746747488529e+00
5.242300000000000000e+04 0.000000000000000000e+00
5.243300000000000000e+04 0.000000000000000000e+00
5.244300000000000000e+04 -6.944090701612905647e+00
5.311300000000000000e+04 -1.290168950081375776e+01
5.312300000000000000e+04 0.000000000000000000e+00
5.313300000000000000e+04 0.000000000000000000e+00
5.314300000000000000e+04 -1.151271880656347690e+01
5.321300000000000000e+04 -1.000024137000021085e+01
5.322300000000000000e+04 0.000000000000000000e+00
5.323300000000000000e+04 0.000000000000000000e+00
5.324300000000000000e+04 -9.307372004648113872e+00
5.331300000000000000e+04 -1.045210770860140492e+01
5.332300000000000000e+04 0.000000000000000000e+00
5.333300000000000000e+04 0.000000000000000000e+00
5.334300000000000000e+04 -7.238604792314108138e+00
5.341300000000000000e+04 -7.503197139278783290e+00
5.342300000000000000e+04 0.000000000000000000e+00
5.343300000000000000e+04 0.000000000000000000e+00
5.344300000000000000e+04 -5.457383549352608831e+00
5.411300000000000000e+04 -1.120712956396471149e+01
5.412300000000000000e+04 0.000000000000000000e+00
5.413300000000000000e+04 0.000000000000000000e+00
5.414300000000000000e+04 -1.239563652041964126e+01
5.421300000000000000e+04 -1.096945768346060568e+01
5.422300000000000000e+04 0.000000000000000000e+00
5.423300000000000000e+04 -1.057246722053661658e+00
5.424300000000000000e+04 -9.228520448634249362e+00
5.431300000000000000e+04 -1.056538335862949651e+01
5.432300000000000000e+04 0.000000000000000000e+00
5.433300000000000000e+04 0.000000000000000000e+00
5.434300000000000000e+04 -8.103591043190077059e+00
5.441300000000000000e+04 -4.179712866160790519e+00
5.442300000000000000e+04 0.000000000000000000e+00
5.443300000000000000e+04 0.000000000000000000e+00
5.444300000000000000e+04 -1.483356871071312089e+00
5.511300000000000000e+04 -1.398133934657233901e+01
5.512300000000000000e+04 -1.143801659575477814e+01
5.513300000000000000e+04 -1.134349441194289554e+01
5.514300000000000000e+04 -1.402820097170024738e+01
5.521300000000000000e+04 -1.261328994195158337e+01
5.522300000000000000e+04 -1.078538947834051953e+01
5.523300000000000000e+04 -9.285973022912763497e+00
5.524300000000000000e+04 -9.712395376366329103e+00
5.531300000000000000e+04 -1.129793820888185429e+01
5.532300000000000000e+04 -9.434871031668272678e+00
5.533300000000000000e+04 -7.784013803813738974e+00
5.534300000000000000e+04 -8.294268979037326517e+00
5.541300000000000000e+04 -1.957851434351887576e+00
5.542300000000000000e+04 -1.729962746658268366e-02
5.543300000000000000e+04 0.000000000000000000e+00
5.544300000000000000e+04 -1.299559567428545392e+00
5.611300000000000000e+04 0.000000000000000000e+00
5.612300000000000000e+04 -1.459956011905198814e+01
5.613300000000000000e+04 -1.422469728922324705e+01
5.614300000000000000e+04 0.000000000000000000e+00
5.621300000000000000e+04 0.000000000000000000e+00
5.622300000000000000e+04 -1.038633996817921279e+01
5.623300000000000000e+04 -8.949212656921437414e+00
5.624300000000000000e+04 0.000000000000000000e+00
5.631300000000000000e+04 0.000000000000000000e+00
5.632300000000000000e+04 -1.035784060885616498e+01
5.633300000000000000e+04 -8.385675633689009700e+00
5.634300000000000000e+04 0.000000000000000000e+00
5.641300000000000000e+04 0.000000000000000000e+00
5.642300000000000000e+04 0.000000000000000000e+00
5.643300000000000000e+04 -1.235873283366849762e+00
5.644300000000000000e+04 0.000000000000000000e+00
6.111300000000000000e+04 0.000000000000000000e+00
6.112300000000000000e+04 0.000000000000000000e+00
6.113300000000000000e+04 0.000000000000000000e+00
6.114300000000000000e+04 0.000000000000000000e+00
6.121300000000000000e+04 -9.517710858982637134e+00
6.122300000000000000e+04 -1.409364592753078682e+00
6.123300000000000000e+04 0.000000000000000000e+00
6.124300000000000000e+04 -8.057782318769531216e+00
6.131300000000000000e+04 -9.576928556709699336e+00
6.132300000000000000e+04 0.000000000000000000e+00
6.133300000000000000e+04 -2.000000000000000111e-01
6.134300000000000000e+04 -7.080203642638412731e+00
6.141300000000000000e+04 -9.509553474802059370e+00
6.142300000000000000e+04 0.000000000000000000e+00
6.143300000000000000e+04 0.000000000000000000e+00
6.144300000000000000e+04 -6.999177965650364541e+00
6.211300000000000000e+04 0.000000000000000000e+00
6.212300000000000000e+04 -1.643318381650856752e+00
6.213300000000000000e+04 0.000000000000000000e+00
6.214300000000000000e+04 0.000000000000000000e+00
6.221300000000000000e+04 -1.085298500698974067e+01
6.222300000000000000e+04 -1.794286726684690025e+00
6.223300000000000000e+04 0.000000000000000000e+00
6.224300000000000000e+04 -7.941115665036602600e+00
6.231300000000000000e+04 -1.138265322562357618e+01
6.232300000000000000e+04 0.000000000000000000e+00
6.233300000000000000e+04 -6.474823604601972482e-01
6.234300000000000000e+04 -7.780248724583826103e+00
6.241300000000000000e+04 -9.452965078409356181e+00
6.242300000000000000e+04 0.000000000000000000e+00
6.243300000000000000e+04 0.000000000000000000e+00
6.244300000000000000e+04 -6.138337663972089686e+00
6.311300000000000000e+04 -1.310737766764517964e+01
6.312300000000000000e+04 0.000000000000000000e+00
6.313300000000000000e+04 0.000000000000000000e+00
6.314300000000000000e+04 -1.285065610462743813e+01
6.321300000000000000e+04 -1.228798904860136432e+01
6.322300000000000000e+04 -1.356877693301792975e+00
6.323300000000000000e+04 0.000000000000000000e+00
6.324300000000000000e+04 -1.007745579741089159e+01
6.331300000000000000e+04 -1.141783286988754220e+01
6.332300000000000000e+04 0.000000000000000000e+00
6.333300000000000000e+04 -1.020065138404520289e+00
6.334300000000000000e+04 -8.029415437375654108e+00
6.341300000000000000e+04 -9.114296278347040925e+00
6.342300000000000000e+04 0.000000000000000000e+00
6.343300000000000000e+04 0.000000000000000000e+00
6.344300000000000000e+04 -6.389486400193395532e+00
6.411300000000000000e+04 -1.488610265182180115e+01
6.412300000000000000e+04 0.000000000000000000e+00
6.413300000000000000e+04 0.000000000000000000e+00
6.414300000000000000e+04 -1.331983611982035498e+01
6.421300000000000000e+04 -1.422931239302807072e+01
6.422300000000000000e+04 0.000000000000000000e+00
6.423300000000000000e+04 -1.154308634471545636e+00
6.424300000000000000e+04 -9.798342717859295448e+00
6.431300000000000000e+04 -1.123259010432211902e+01
6.432300000000000000e+04 -1.050148648539438012e+00
6.433300000000000000e+04 0.000000000000000000e+00
6.434300000000000000e+04 -7.331639921293704454e+00
6.441300000000000000e+04 -4.693717769302765852e+00
6.442300000000000000e+04 0.000000000000000000e+00
6.443300000000000000e+04 0.000000000000000000e+00
6.444300000000000000e+04 -2.926050322380353119e+00
6.511300000000000000e+04 -1.709152641221743352e+01
6.512300000000000000e+04 0.000000000000000000e+00
6.513300000000000000e+04 0.000000000000000000e+00
6.514300000000000000e+04 -1.538928200486275699e+01
6.521300000000000000e+04 -1.377133610369450523e+01
6.522300000000000000e+04 -3.000000000000000444e-01
6.523300000000000000e+04 -9.942748835411919783e-01
6.524300000000000000e+04 -1.078226011916564175e+01
6.531300000000000000e+04 -1.121675712914701606e+01
6.532300000000000000e+04 0.000000000000000000e+00
6.533300000000000000e+04 -7.816470152758477896e-01
6.534300000000000000e+04 -8.822726194158880375e+00
6.541300000000000000e+04 -1.418707758969406374e+00
6.542300000000000000e+04 0.000000000000000000e+00
6.543300000000000000e+04 0.000000000000000000e+00
6.544300000000000000e+04 -2.015154551718428610e+00
6.611300000000000000e+04 -2.228072247081482615e+01
6.612300000000000000e+04 -1.621897119620021854e+01
6.613300000000000000e+04 -1.534337062816256925e+01
6.614300000000000000e+04 -1.787064314907999929e+01
6.621300000000000000e+04 -1.518582089059821350e+01
6.622300000000000000e+04 -1.462812085862610800e+01
6.623300000000000000e+04 -1.104389497861649261e+01
6.624300000000000000e+04 -1.160092442197321283e+01
6.631300000000000000e+04 -1.177222122387555636e+01
6.632300000000000000e+04 -1.205833174227587357e+01
6.633300000000000000e+04 -8.141209172396063565e+00
6.634300000000000000e+04 -9.351228956175638984e+00
6.641300000000000000e+04 0.000000000000000000e+00
6.642300000000000000e+04 0.000000000000000000e+00
6.643300000000000000e+04 0.000000000000000000e+00
6.644300000000000000e+04 0.000000000000000000e+00
7.111300000000000000e+04 0.000000000000000000e+00
7.112300000000000000e+04 0.000000000000000000e+00
7.113300000000000000e+04 0.000000000000000000e+00
7.114300000000000000e+04 0.000000000000000000e+00
7.121300000000000000e+04 0.000000000000000000e+00
7.122300000000000000e+04 -5.126236522574195709e-01
7.123300000000000000e+04 0.000000000000000000e+00
7.124300000000000000e+04 0.000000000000000000e+00
7.131300000000000000e+04 0.000000000000000000e+00
7.132300000000000000e+04 -2.015571416878129796e+00
7.133300000000000000e+04 0.000000000000000000e+00
7.134300000000000000e+04 -2.244308003683813002e+00
7.141300000000000000e+04 0.000000000000000000e+00
7.142300000000000000e+04 0.000000000000000000e+00
7.143300000000000000e+04 0.000000000000000000e+00
7.144300000000000000e+04 0.000000000000000000e+00
7.211300000000000000e+04 0.000000000000000000e+00
7.212300000000000000e+04 0.000000000000000000e+00
7.213300000000000000e+04 0.000000000000000000e+00
7.214300000000000000e+04 0.000000000000000000e+00
7.221300000000000000e+04 0.000000000000000000e+00
7.222300000000000000e+04 -1.880787908254795360e+00
7.223300000000000000e+04 0.000000000000000000e+00
7.224300000000000000e+04 0.000000000000000000e+00
7.231300000000000000e+04 -2.020766777244255685e+00
7.232300000000000000e+04 -1.980000000000000093e-01
7.233300000000000000e+04 0.000000000000000000e+00
7.234300000000000000e+04 -3.913501754802801713e+00
7.241300000000000000e+04 0.000000000000000000e+00
7.242300000000000000e+04 0.000000000000000000e+00
7.243300000000000000e+04 0.000000000000000000e+00
7.244300000000000000e+04 0.000000000000000000e+00
7.311300000000000000e+04 0.000000000000000000e+00
7.312300000000000000e+04 0.000000000000000000e+00
7.313300000000000000e+04 0.000000000000000000e+00
7.314300000000000000e+04 0.000000000000000000e+00
7.321300000000000000e+04 0.000000000000000000e+00
7.322300000000000000e+04 -1.319490909533802991e+00
7.323300000000000000e+04 0.000000000000000000e+00
7.324300000000000000e+04 -1.540209892333914699e+00
7.331300000000000000e+04 0.000000000000000000e+00
7.332300000000000000e+04 -3.395095040867999181e+00
7.333300000000000000e+04 0.000000000000000000e+00
7.334300000000000000e+04 -3.893711848597865455e+00
7.341300000000000000e+04 0.000000000000000000e+00
7.342300000000000000e+04 0.000000000000000000e+00
7.343300000000000000e+04 0.000000000000000000e+00
7.344300000000000000e+04 0.000000000000000000e+00
7.411300000000000000e+04 0.000000000000000000e+00
7.412300000000000000e+04 0.000000000000000000e+00
7.413300000000000000e+04 0.000000000000000000e+00
7.414300000000000000e+04 0.000000000000000000e+00
7.421300000000000000e+04 -1.522086174402220937e+00
7.422300000000000000e+04 0.000000000000000000e+00
7.423300000000000000e+04 0.000000000000000000e+00
7.424300000000000000e+04 -3.350030277199977924e+00
7.431300000000000000e+04 0.000000000000000000e+00
7.432300000000000000e+04 -2.023001111403945451e+00
7.433300000000000000e+04 0.000000000000000000e+00
7.434300000000000000e+04 -2.167894751928646890e+00
7.441300000000000000e+04 0.000000000000000000e+00
7.442300000000000000e+04 0.000000000000000000e+00
7.443300000000000000e+04 0.000000000000000000e+00
7.444300000000000000e+04 0.000000000000000000e+00
7.511300000000000000e+04 0.000000000000000000e+00
7.512300000000000000e+04 0.000000000000000000e+00
7.513300000000000000e+04 0.000000000000000000e+00
7.514300000000000000e+04 -1.508998470527432190e+00
7.521300000000000000e+04 -2.653698552885915607e+00
7.522300000000000000e+04 0.000000000000000000e+00
7.523300000000000000e+04 -9.547647191716782666e-01
7.524300000000000000e+04 -4.115925795596209191e+00
7.531300000000000000e+04 -7.328291689521865271e-01
7.532300000000000000e+04 0.000000000000000000e+00
7.533300000000000000e+04 0.000000000000000000e+00
7.534300000000000000e+04 -2.152486918779803915e+00
7.541300000000000000e+04 0.000000000000000000e+00
7.542300000000000000e+04 0.000000000000000000e+00
7.543300000000000000e+04 0.000000000000000000e+00
7.544300000000000000e+04 0.000000000000000000e+00
7.611300000000000000e+04 0.000000000000000000e+00
7.612300000000000000e+04 0.000000000000000000e+00
7.613300000000000000e+04 0.000000000000000000e+00
7.614300000000000000e+04 0.000000000000000000e+00
7.621300000000000000e+04 0.000000000000000000e+00
7.622300000000000000e+04 0.000000000000000000e+00
7.623300000000000000e+04 0.000000000000000000e+00
7.624300000000000000e+04 -2.035392737467759616e+00
7.631300000000000000e+04 0.000000000000000000e+00
7.632300000000000000e+04 -7.498121290736119438e-01
7.633300000000000000e+04 0.000000000000000000e+00
7.634300000000000000e+04 -1.139038947464142693e+00
7.641300000000000000e+04 0.000000000000000000e+00
7.642300000000000000e+04 0.000000000000000000e+00
7.643300000000000000e+04 0.000000000000000000e+00
7.644300000000000000e+04 0.000000000000000000e+00
8.111300000000000000e+04 0.000000000000000000e+00
8.112300000000000000e+04 0.000000000000000000e+00
8.113300000000000000e+04 0.000000000000000000e+00
8.114300000000000000e+04 0.000000000000000000e+00
8.121300000000000000e+04 0.000000000000000000e+00
8.122300000000000000e+04 0.000000000000000000e+00
8.123300000000000000e+04 0.000000000000000000e+00
8.124300000000000000e+04 0.000000000000000000e+00
8.131300000000000000e+04 0.000000000000000000e+00
8.132300000000000000e+04 -1.390340525531698068e+00
8.133300000000000000e+04 0.000000000000000000e+00
8.134300000000000000e+04 0.000000000000000000e+00
8.141300000000000000e+04 0.000000000000000000e+00
8.142300000000000000e+04 0.000000000000000000e+00
8.143300000000000000e+04 0.000000000000000000e+00
8.144300000000000000e+04 0.000000000000000000e+00
8.211300000000000000e+04 0.000000000000000000e+00
8.212300000000000000e+04 0.000000000000000000e+00
8.213300000000000000e+04 0.000000000000000000e+00
8.214300000000000000e+04 0.000000000000000000e+00
8.221300000000000000e+04 0.000000000000000000e+00
8.222300000000000000e+04 -4.970000000000000528e-01
8.223300000000000000e+04 0.000000000000000000e+00
8.224300000000000000e+04 0.000000000000000000e+00
8.231300000000000000e+04 -2.895462251905151607e+00
8.232300000000000000e+04 -6.443103717133473740e-01
8.233300000000000000e+04 0.000000000000000000e+00
8.234300000000000000e+04 0.000000000000000000e+00
8.241300000000000000e+04 0.000000000000000000e+00
8.242300000000000000e+04 0.000000000000000000e+00
8.243300000000000000e+04 0.000000000000000000e+00
8.244300000000000000e+04 0.000000000000000000e+00
8.311300000000000000e+04 0.000000000000000000e+00
8.312300000000000000e+04 0.000000000000000000e+00
8.313300000000000000e+04 0.000000000000000000e+00
8.314300000000000000e+04 0.000000000000000000e+00
8.321300000000000000e+04 0.000000000000000000e+00
8.322300000000000000e+04 0.000000000000000000e+00
8.323300000000000000e+04 0.000000000000000000e+00
8.324300000000000000e+04 0.000000000000000000e+00
8.331300000000000000e+04 0.000000000000000000e+00
8.332300000000000000e+04 0.000000000000000000e+00
8.333300000000000000e+04 0.000000000000000000e+00
8.334300000000000000e+04 0.000000000000000000e+00
8.341300000000000000e+04 0.000000000000000000e+00
8.342300000000000000e+04 0.000000000000000000e+00
8.343300000000000000e+04 0.000000000000000000e+00
8.344300000000000000e+04 0.000000000000000000e+00
8.411300000000000000e+04 0.000000000000000000e+00
8.412300000000000000e+04 0.000000000000000000e+00
8.413300000000000000e+04 0.000000000000000000e+00
8.414300000000000000e+04 0.000000000000000000e+00
8.421300000000000000e+04 -1.048701916642962528e+00
8.422300000000000000e+04 0.000000000000000000e+00
8.423300000000000000e+04 0.000000000000000000e+00
8.424300000000000000e+04 0.000000000000000000e+00
8.431300000000000000e+04 0.000000000000000000e+00
8.432300000000000000e+04 -9.251860403196809912e-01
8.433300000000000000e+04 0.000000000000000000e+00
8.434300000000000000e+04 0.000000000000000000e+00
8.441300000000000000e+04 0.000000000000000000e+00
8.442300000000000000e+04 0.000000000000000000e+00
8.443300000000000000e+04 0.000000000000000000e+00
8.444300000000000000e+04 0.000000000000000000e+00
8.511300000000000000e+04 0.000000000000000000e+00
8.512300000000000000e+04 0.000000000000000000e+00
8.513300000000000000e+04 0.000000000000000000e+00
8.514300000000000000e+04 0.000000000000000000e+00
8.521300000000000000e+04 0.000000000000000000e+00
8.522300000000000000e+04 -9.396318807759499458e-01
8.523300000000000000e+04 0.000000000000000000e+00
8.524300000000000000e+04 0.000000000000000000e+00
8.531300000000000000e+04 0.000000000000000000e+00
8.532300000000000000e+04 0.000000000000000000e+00
8.533300000000000000e+04 0.000000000000000000e+00
8.534300000000000000e+04 0.000000000000000000e+00
8.541300000000000000e+04 0.000000000000000000e+00
8.542300000000000000e+04 0.000000000000000000e+00
8.543300000000000000e+04 0.000000000000000000e+00
8.544300000000000000e+04 0.000000000000000000e+00
8.611300000000000000e+04 0.000000000000000000e+00
8.612300000000000000e+04 0.000000000000000000e+00
8.613300000000000000e+04 0.000000000000000000e+00
8.614300000000000000e+04 0.000000000000000000e+00
8.621300000000000000e+04 0.000000000000000000e+00
8.622300000000000000e+04 0.000000000000000000e+00
8.623300000000000000e+04 0.000000000000000000e+00
8.624300000000000000e+04 0.000000000000000000e+00
8.631300000000000000e+04 0.000000000000000000e+00
8.632300000000000000e+04 0.000000000000000000e+00
8.633300000000000000e+04 0.000000000000000000e+00
8.634300000000000000e+04 0.000000000000000000e+00
8.641300000000000000e+04 0.000000000000000000e+00
8.642300000000000000e+04 0.000000000000000000e+00
8.643300000000000000e+04 0.000000000000000000e+00
8.644300000000000000e+04 0.000000000000000000e+00
