1.111200000000000000e+04 -4.492228869605770392e+00
1.112200000000000000e+04 -1.185589934882435026e+00
1.113200000000000000e+04 -4.896657742204953756e+00
1.114200000000000000e+04 -7.039962470082837598e+00
1.121200000000000000e+04 -4.229057842027544867e-01
1.122200000000000000e+04 -4.471478130661221129e-01
1.123200000000000000e+04 -6.757730170335832121e+00
1.124200000000000000e+04 -6.645349429413980324e+00
1.131200000000000000e+04 -1.838468154171965629e+00
1.132200000000000000e+04 -1.247619693294086174e+00
1.133200000000000000e+04 -7.616855398600549165e+00
1.134200000000000000e+04 -7.303904114764680600e+00
1.141200000000000000e+04 0.000000000000000000e+00
1.142200000000000000e+04 0.000000000000000000e+00
1.143200000000000000e+04 0.000000000000000000e+00
1.144200000000000000e+04 0.000000000000000000e+00
1.211200000000000000e+04 0.000000000000000000e+00
1.212200000000000000e+04 -1.857599628378616696e+00
1.213200000000000000e+04 -2.809688723653829712e+00
1.214200000000000000e+04 0.000000000000000000e+00
1.221200000000000000e+04 0.000000000000000000e+00
1.222200000000000000e+04 -2.940285861925637789e-01
1.223200000000000000e+04 -5.191232455968904702e+00
1.224200000000000000e+04 0.000000000000000000e+00
1.231200000000000000e+04 0.000000000000000000e+00
1.232200000000000000e+04 -2.228396611739879241e+00
1.233200000000000000e+04 -5.345364078701011046e+00
1.234200000000000000e+04 0.000000000000000000e+00
1.241200000000000000e+04 0.000000000000000000e+00
1.242200000000000000e+04 -3.457819717815341365e-01
1.243200000000000000e+04 -6.393505718961652873e-01
1.244200000000000000e+04 0.000000000000000000e+00
1.311200000000000000e+04 0.000000000000000000e+00
1.312200000000000000e+04 -2.757124178210917931e-01
1.313200000000000000e+04 -1.168822444026378804e+00
1.314200000000000000e+04 0.000000000000000000e+00
1.321200000000000000e+04 0.000000000000000000e+00
1.322200000000000000e+04 -6.889151845632534021e-01
1.323200000000000000e+04 -2.182656891705193392e+00
1.324200000000000000e+04 0.000000000000000000e+00
1.331200000000000000e+04 0.000000000000000000e+00
1.332200000000000000e+04 -2.075582362401704017e+00
1.333200000000000000e+04 -4.496956624522669976e+00
1.334200000000000000e+04 0.000000000000000000e+00
1.341200000000000000e+04 0.000000000000000000e+00
1.342200000000000000e+04 -1.344541270170404701e+00
1.343200000000000000e+04 -1.825233597298181687e+00
1.344200000000000000e+04 0.000000000000000000e+00
1.411200000000000000e+04 0.000000000000000000e+00
1.412200000000000000e+04 -4.487706101710919881e-01
1.413200000000000000e+04 -1.094715413933225134e+00
1.414200000000000000e+04 0.000000000000000000e+00
1.421200000000000000e+04 0.000000000000000000e+00
1.422200000000000000e+04 -1.427001171184379302e+00
1.423200000000000000e+04 -8.204633104053455916e-01
1.424200000000000000e+04 0.000000000000000000e+00
1.431200000000000000e+04 0.000000000000000000e+00
1.432200000000000000e+04 -2.838469252225303219e+00
1.433200000000000000e+04 -2.810057247075883780e+00
1.434200000000000000e+04 -4.268921322399034102e-01
1.441200000000000000e+04 0.000000000000000000e+00
1.442200000000000000e+04 -1.961316229477119144e+00
1.443200000000000000e+04 -5.105842948475223686e+00
1.444200000000000000e+04 0.000000000000000000e+00
1.511200000000000000e+04 0.000000000000000000e+00
1.512200000000000000e+04 0.000000000000000000e+00
1.513200000000000000e+04 0.000000000000000000e+00
1.514200000000000000e+04 0.000000000000000000e+00
1.521200000000000000e+04 0.000000000000000000e+00
1.522200000000000000e+04 -2.240897174321095697e+00
1.523200000000000000e+04 -1.433778930440970711e+00
1.524200000000000000e+04 0.000000000000000000e+00
1.531200000000000000e+04 0.000000000000000000e+00
1.532200000000000000e+04 -2.543933485716050491e+00
1.533200000000000000e+04 -1.380373101051967089e+00
1.534200000000000000e+04 0.000000000000000000e+00
1.541200000000000000e+04 0.000000000000000000e+00
1.542200000000000000e+04 -5.246386598335456952e+00
1.543200000000000000e+04 -4.659564231878127849e+00
1.544200000000000000e+04 0.000000000000000000e+00
1.611200000000000000e+04 0.000000000000000000e+00
1.612200000000000000e+04 0.000000000000000000e+00
1.613200000000000000e+04 0.000000000000000000e+00
1.614200000000000000e+04 0.000000000000000000e+00
1.621200000000000000e+04 0.000000000000000000e+00
1.622200000000000000e+04 -3.121108774958516463e+00
1.623200000000000000e+04 -1.296165554030236367e+00
1.624200000000000000e+04 0.000000000000000000e+00
1.631200000000000000e+04 0.000000000000000000e+00
1.632200000000000000e+04 -4.273185054436122954e+00
1.633200000000000000e+04 -2.020601921039749893e+00
1.634200000000000000e+04 0.000000000000000000e+00
1.641200000000000000e+04 0.000000000000000000e+00
1.642200000000000000e+04 -6.663077182750740235e+00
1.643200000000000000e+04 -4.650790826881448403e+00
1.644200000000000000e+04 0.000000000000000000e+00
2.111200000000000000e+04 -4.351437790820037677e+00
2.112200000000000000e+04 0.000000000000000000e+00
2.113200000000000000e+04 0.000000000000000000e+00
2.114200000000000000e+04 -5.919264257116917172e+00
2.121200000000000000e+04 -1.184503240840252936e+00
2.122200000000000000e+04 0.000000000000000000e+00
2.123200000000000000e+04 0.000000000000000000e+00
2.124200000000000000e+04 -6.484312243305701884e+00
2.131200000000000000e+04 -1.535253745320468211e+00
2.132200000000000000e+04 0.000000000000000000e+00
2.133200000000000000e+04 0.000000000000000000e+00
2.134200000000000000e+04 -7.491217887196372160e+00
2.141200000000000000e+04 -1.114167142926856480e+00
2.142200000000000000e+04 0.000000000000000000e+00
2.143200000000000000e+04 0.000000000000000000e+00
2.144200000000000000e+04 -3.980000000000000204e-01
2.211200000000000000e+04 -3.588471021923470783e+00
2.212200000000000000e+04 -1.424286152402910233e+00
2.213200000000000000e+04 -3.285951379527427996e+00
2.214200000000000000e+04 -4.411111998113288912e+00
2.221200000000000000e+04 -9.947864685585783295e-01
2.222200000000000000e+04 -1.489466391229976816e+00
2.223200000000000000e+04 -4.342179404711084878e+00
2.224200000000000000e+04 -3.836354902054141647e+00
2.231200000000000000e+04 -1.550311555314809020e+00
2.232200000000000000e+04 -2.366705014476152780e+00
2.233200000000000000e+04 -5.784805404877550572e+00
2.234200000000000000e+04 -6.610764885393223267e+00
2.241200000000000000e+04 -4.700766408054544154e-01
2.242200000000000000e+04 -2.940200000000000036e-01
2.243200000000000000e+04 -3.980000000000000204e-01
2.244200000000000000e+04 -2.000000000000000111e-01
2.311200000000000000e+04 0.000000000000000000e+00
2.312200000000000000e+04 -1.125530782888654269e+00
2.313200000000000000e+04 -1.677121809058906621e+00
2.314200000000000000e+04 0.000000000000000000e+00
2.321200000000000000e+04 0.000000000000000000e+00
2.322200000000000000e+04 -1.056708343463859556e+00
2.323200000000000000e+04 -3.844110973395669539e+00
2.324200000000000000e+04 0.000000000000000000e+00
2.331200000000000000e+04 0.000000000000000000e+00
2.332200000000000000e+04 -2.211577359067256054e+00
2.333200000000000000e+04 -4.712950236579314556e+00
2.334200000000000000e+04 0.000000000000000000e+00
2.341200000000000000e+04 0.000000000000000000e+00
2.342200000000000000e+04 -8.376922118402037043e-01
2.343200000000000000e+04 -1.904126402588807832e+00
2.344200000000000000e+04 0.000000000000000000e+00
2.411200000000000000e+04 0.000000000000000000e+00
2.412200000000000000e+04 -1.554398286717025846e+00
2.413200000000000000e+04 -1.237597406069040673e+00
2.414200000000000000e+04 0.000000000000000000e+00
2.421200000000000000e+04 0.000000000000000000e+00
2.422200000000000000e+04 -8.060017137031203482e-01
2.423200000000000000e+04 -1.581875094587396280e+00
2.424200000000000000e+04 0.000000000000000000e+00
2.431200000000000000e+04 0.000000000000000000e+00
2.432200000000000000e+04 -3.191331754988328662e+00
2.433200000000000000e+04 -3.266967269957937514e+00
2.434200000000000000e+04 -2.000000000000000111e-01
2.441200000000000000e+04 0.000000000000000000e+00
2.442200000000000000e+04 -3.639178045668626460e+00
2.443200000000000000e+04 -4.138716449901546746e+00
2.444200000000000000e+04 0.000000000000000000e+00
2.511200000000000000e+04 0.000000000000000000e+00
2.512200000000000000e+04 -1.204778700410368053e+00
2.513200000000000000e+04 -1.240093598114180962e+00
2.514200000000000000e+04 0.000000000000000000e+00
2.521200000000000000e+04 0.000000000000000000e+00
2.522200000000000000e+04 -1.714735915723909265e+00
2.523200000000000000e+04 -1.360756171194862585e+00
2.524200000000000000e+04 0.000000000000000000e+00
2.531200000000000000e+04 -2.000000000000000111e-01
2.532200000000000000e+04 -4.200155800596860445e+00
2.533200000000000000e+04 -2.939368772400941410e+00
2.534200000000000000e+04 -1.559928429896064450e-01
2.541200000000000000e+04 0.000000000000000000e+00
2.542200000000000000e+04 -4.944146489777862641e+00
2.543200000000000000e+04 -4.663302763284839614e+00
2.544200000000000000e+04 0.000000000000000000e+00
2.611200000000000000e+04 0.000000000000000000e+00
2.612200000000000000e+04 0.000000000000000000e+00
2.613200000000000000e+04 0.000000000000000000e+00
2.614200000000000000e+04 0.000000000000000000e+00
2.621200000000000000e+04 0.000000000000000000e+00
2.622200000000000000e+04 -3.404775292838012835e+00
2.623200000000000000e+04 -1.238035592764190618e+00
2.624200000000000000e+04 0.000000000000000000e+00
2.631200000000000000e+04 0.000000000000000000e+00
2.632200000000000000e+04 -5.320889664903412530e+00
2.633200000000000000e+04 -1.448784815129584791e+00
2.634200000000000000e+04 0.000000000000000000e+00
2.641200000000000000e+04 0.000000000000000000e+00
2.642200000000000000e+04 -5.083572994065120199e+00
2.643200000000000000e+04 -5.488247036510609078e+00
2.644200000000000000e+04 0.000000000000000000e+00
3.111200000000000000e+04 -1.709478736243052355e+00
3.112200000000000000e+04 0.000000000000000000e+00
3.113200000000000000e+04 0.000000000000000000e+00
3.114200000000000000e+04 -5.236306849804487129e+00
3.121200000000000000e+04 -1.789921451160808141e+00
3.122200000000000000e+04 0.000000000000000000e+00
3.123200000000000000e+04 0.000000000000000000e+00
3.124200000000000000e+04 -5.522762833843006369e+00
3.131200000000000000e+04 -2.484370930190945792e+00
3.132200000000000000e+04 0.000000000000000000e+00
3.133200000000000000e+04 0.000000000000000000e+00
3.134200000000000000e+04 -6.922425378518958006e+00
3.141200000000000000e+04 -1.076113715210161415e+00
3.142200000000000000e+04 0.000000000000000000e+00
3.143200000000000000e+04 0.000000000000000000e+00
3.144200000000000000e+04 -8.385175365265087333e-01
3.211200000000000000e+04 -1.253132784455852633e+00
3.212200000000000000e+04 0.000000000000000000e+00
3.213200000000000000e+04 0.000000000000000000e+00
3.214200000000000000e+04 -2.918841540637325149e+00
3.221200000000000000e+04 -1.595766279531811493e+00
3.222200000000000000e+04 0.000000000000000000e+00
3.223200000000000000e+04 -2.000000000000000111e-01
3.224200000000000000e+04 -3.791832423443608491e+00
3.231200000000000000e+04 -2.286425004119613469e+00
3.232200000000000000e+04 0.000000000000000000e+00
3.233200000000000000e+04 0.000000000000000000e+00
3.234200000000000000e+04 -5.538684818057756587e+00
3.241200000000000000e+04 -4.274453680952651213e-01
3.242200000000000000e+04 0.000000000000000000e+00
3.243200000000000000e+04 0.000000000000000000e+00
3.244200000000000000e+04 -1.402715761287928853e+00
3.311200000000000000e+04 -2.085553638140591026e+00
3.312200000000000000e+04 -1.308638802499334730e+00
3.313200000000000000e+04 -1.562058105650358852e+00
3.314200000000000000e+04 -2.535979463857688021e+00
3.321200000000000000e+04 -1.692474864245868238e+00
3.322200000000000000e+04 -1.473100157319224612e+00
3.323200000000000000e+04 -3.409651648044412120e+00
3.324200000000000000e+04 -3.244333968173547245e+00
3.331200000000000000e+04 -3.446975719179355746e+00
3.332200000000000000e+04 -2.929350149105766299e+00
3.333200000000000000e+04 -5.000614927234272145e+00
3.334200000000000000e+04 -4.341320522367572821e+00
3.341200000000000000e+04 -7.880797999999999970e-01
3.342200000000000000e+04 0.000000000000000000e+00
3.343200000000000000e+04 0.000000000000000000e+00
3.344200000000000000e+04 -1.384278029308488422e+00
3.411200000000000000e+04 0.000000000000000000e+00
3.412200000000000000e+04 -9.899247895236144013e-01
3.413200000000000000e+04 -2.870506731706826020e+00
3.414200000000000000e+04 0.000000000000000000e+00
3.421200000000000000e+04 0.000000000000000000e+00
3.422200000000000000e+04 -1.496119775401508756e+00
3.423200000000000000e+04 -2.629402658537407511e+00
3.424200000000000000e+04 0.000000000000000000e+00
3.431200000000000000e+04 0.000000000000000000e+00
3.432200000000000000e+04 -3.685529736740132734e+00
3.433200000000000000e+04 -3.644755461636912219e+00
3.434200000000000000e+04 0.000000000000000000e+00
3.441200000000000000e+04 0.000000000000000000e+00
3.442200000000000000e+04 -1.400729409365007339e+00
3.443200000000000000e+04 -4.226508461116748605e-01
3.444200000000000000e+04 0.000000000000000000e+00
3.511200000000000000e+04 0.000000000000000000e+00
3.512200000000000000e+04 -2.045295199903741867e+00
3.513200000000000000e+04 -6.435054296808881968e-01
3.514200000000000000e+04 0.000000000000000000e+00
3.521200000000000000e+04 0.000000000000000000e+00
3.522200000000000000e+04 -2.954876895319734409e+00
3.523200000000000000e+04 -9.269855397564146227e-01
3.524200000000000000e+04 0.000000000000000000e+00
3.531200000000000000e+04 -5.897692718096362308e-01
3.532200000000000000e+04 -4.687617260082017623e+00
3.533200000000000000e+04 -2.573810895432321999e+00
3.534200000000000000e+04 0.000000000000000000e+00
3.541200000000000000e+04 0.000000000000000000e+00
3.542200000000000000e+04 -3.343882997908889987e+00
3.543200000000000000e+04 -3.628165283750513392e+00
3.544200000000000000e+04 0.000000000000000000e+00
3.611200000000000000e+04 0.000000000000000000e+00
3.612200000000000000e+04 -2.338556541649958298e+00
3.613200000000000000e+04 -1.624484028574548544e+00
3.614200000000000000e+04 0.000000000000000000e+00
3.621200000000000000e+04 0.000000000000000000e+00
3.622200000000000000e+04 -4.486320965915279402e+00
3.623200000000000000e+04 -1.314949696107370780e+00
3.624200000000000000e+04 0.000000000000000000e+00
3.631200000000000000e+04 0.000000000000000000e+00
3.632200000000000000e+04 -6.426820449987808992e+00
3.633200000000000000e+04 -2.694754865459054294e+00
3.634200000000000000e+04 0.000000000000000000e+00
3.641200000000000000e+04 0.000000000000000000e+00
3.642200000000000000e+04 -2.199706257700819290e+00
3.643200000000000000e+04 -2.365644354426660545e+00
3.644200000000000000e+04 0.000000000000000000e+00
4.111200000000000000e+04 -1.417029742564598349e+00
4.112200000000000000e+04 0.000000000000000000e+00
4.113200000000000000e+04 0.000000000000000000e+00
4.114200000000000000e+04 -2.499457760315296539e+00
4.121200000000000000e+04 -4.455992268918725907e-01
4.122200000000000000e+04 0.000000000000000000e+00
4.123200000000000000e+04 0.000000000000000000e+00
4.124200000000000000e+04 -3.529051713819659764e+00
4.131200000000000000e+04 -2.252724342999384621e+00
4.132200000000000000e+04 0.000000000000000000e+00
4.133200000000000000e+04 0.000000000000000000e+00
4.134200000000000000e+04 -6.662262454878754347e+00
4.141200000000000000e+04 -3.245331754079233022e+00
4.142200000000000000e+04 0.000000000000000000e+00
4.143200000000000000e+04 0.000000000000000000e+00
4.144200000000000000e+04 -3.950793020000000211e-01
4.211200000000000000e+04 -1.142651368676280033e+00
4.212200000000000000e+04 0.000000000000000000e+00
4.213200000000000000e+04 0.000000000000000000e+00
4.214200000000000000e+04 -2.932419614962318288e+00
4.221200000000000000e+04 -1.662226242717609548e+00
4.222200000000000000e+04 0.000000000000000000e+00
4.223200000000000000e+04 -3.822746957301588755e-01
4.224200000000000000e+04 -2.936851889595955001e+00
4.231200000000000000e+04 -3.192751482336098512e+00
4.232200000000000000e+04 0.000000000000000000e+00
4.233200000000000000e+04 0.000000000000000000e+00
4.234200000000000000e+04 -4.129567229406771567e+00
4.241200000000000000e+04 -3.046339226468827377e+00
4.242200000000000000e+04 0.000000000000000000e+00
4.243200000000000000e+04 0.000000000000000000e+00
4.244200000000000000e+04 -4.377515068238831297e+00
4.311200000000000000e+04 -1.677844832312004986e+00
4.312200000000000000e+04 0.000000000000000000e+00
4.313200000000000000e+04 0.000000000000000000e+00
4.314200000000000000e+04 -1.635264332268214327e+00
4.321200000000000000e+04 -1.877660682443864193e+00
4.322200000000000000e+04 0.000000000000000000e+00
4.323200000000000000e+04 0.000000000000000000e+00
4.324200000000000000e+04 -2.747055224761988601e+00
4.331200000000000000e+04 -3.920002472233904633e+00
4.332200000000000000e+04 0.000000000000000000e+00
4.333200000000000000e+04 -2.000000000000000111e-01
4.334200000000000000e+04 -4.055733005309374306e+00
4.341200000000000000e+04 -1.545106111441598262e+00
4.342200000000000000e+04 0.000000000000000000e+00
4.343200000000000000e+04 0.000000000000000000e+00
4.344200000000000000e+04 -2.021265958286299291e+00
4.411200000000000000e+04 -2.272948563009579814e+00
4.412200000000000000e+04 -2.248821190743095944e+00
4.413200000000000000e+04 -1.335077675599879221e+00
4.414200000000000000e+04 -1.430324930345181933e+00
4.421200000000000000e+04 -2.895204846790360609e+00
4.422200000000000000e+04 -2.631662653446944944e+00
4.423200000000000000e+04 -2.538432018099643361e+00
4.424200000000000000e+04 -1.660675414065029054e+00
4.431200000000000000e+04 -4.327889240247845493e+00
4.432200000000000000e+04 -4.414898864884373886e+00
4.433200000000000000e+04 -2.824680208293006256e+00
4.434200000000000000e+04 -2.267070294527768759e+00
4.441200000000000000e+04 -1.058134715881717813e+00
4.442200000000000000e+04 -2.000000000000000111e-01
4.443200000000000000e+04 -1.059665382273599743e+00
4.444200000000000000e+04 -4.022417384150122621e-01
4.511200000000000000e+04 0.000000000000000000e+00
4.512200000000000000e+04 -2.435900224518638080e+00
4.513200000000000000e+04 -6.630607291235107725e-01
4.514200000000000000e+04 0.000000000000000000e+00
4.521200000000000000e+04 0.000000000000000000e+00
4.522200000000000000e+04 -4.077950454291811688e+00
4.523200000000000000e+04 -1.430982455370656048e+00
4.524200000000000000e+04 0.000000000000000000e+00
4.531200000000000000e+04 0.000000000000000000e+00
4.532200000000000000e+04 -5.783307337156635697e+00
4.533200000000000000e+04 -2.612545403772513986e+00
4.534200000000000000e+04 0.000000000000000000e+00
4.541200000000000000e+04 0.000000000000000000e+00
4.542200000000000000e+04 -2.000000000000000111e-01
4.543200000000000000e+04 -3.641721172620411284e-01
4.544200000000000000e+04 0.000000000000000000e+00
4.611200000000000000e+04 0.000000000000000000e+00
4.612200000000000000e+04 -4.476978493132749648e+00
4.613200000000000000e+04 -1.494651017269900350e+00
4.614200000000000000e+04 0.000000000000000000e+00
4.621200000000000000e+04 0.000000000000000000e+00
4.622200000000000000e+04 -5.100675481031315073e+00
4.623200000000000000e+04 -1.400158507202790670e+00
4.624200000000000000e+04 0.000000000000000000e+00
4.631200000000000000e+04 0.000000000000000000e+00
4.632200000000000000e+04 -7.837599456050160285e+00
4.633200000000000000e+04 -2.253000179115988821e+00
4.634200000000000000e+04 0.000000000000000000e+00
4.641200000000000000e+04 0.000000000000000000e+00
4.642200000000000000e+04 -1.390754859579408587e+00
4.643200000000000000e+04 -1.479287457380163984e+00
4.644200000000000000e+04 0.000000000000000000e+00
5.111200000000000000e+04 0.000000000000000000e+00
5.112200000000000000e+04 0.000000000000000000e+00
5.113200000000000000e+04 0.000000000000000000e+00
5.114200000000000000e+04 0.000000000000000000e+00
5.121200000000000000e+04 -2.985495079868105694e-01
5.122200000000000000e+04 0.000000000000000000e+00
5.123200000000000000e+04 0.000000000000000000e+00
5.124200000000000000e+04 -2.446445954394859346e+00
5.131200000000000000e+04 -2.364542318772753227e+00
5.132200000000000000e+04 0.000000000000000000e+00
5.133200000000000000e+04 0.000000000000000000e+00
5.134200000000000000e+04 -5.343853150148847320e+00
5.141200000000000000e+04 -4.645206516149943177e+00
5.142200000000000000e+04 0.000000000000000000e+00
5.143200000000000000e+04 0.000000000000000000e+00
5.144200000000000000e+04 -6.514642433823224721e+00
5.211200000000000000e+04 -1.007774571055179313e+00
5.212200000000000000e+04 0.000000000000000000e+00
5.213200000000000000e+04 0.000000000000000000e+00
5.214200000000000000e+04 -2.885107693103135529e-01
5.221200000000000000e+04 -2.909420414723609127e-01
5.222200000000000000e+04 1.551949400579324123e-01
5.223200000000000000e+04 -7.701664753053871770e-01
5.224200000000000000e+04 -2.032140187494939187e+00
5.231200000000000000e+04 -3.577358493009290985e+00
5.232200000000000000e+04 0.000000000000000000e+00
5.233200000000000000e+04 0.000000000000000000e+00
5.234200000000000000e+04 -3.750789102172282341e+00
5.241200000000000000e+04 -4.517207085175425796e+00
5.242200000000000000e+04 0.000000000000000000e+00
5.243200000000000000e+04 0.000000000000000000e+00
5.244200000000000000e+04 -5.859973209363695368e+00
5.311200000000000000e+04 -6.623987407236612279e-01
5.312200000000000000e+04 0.000000000000000000e+00
5.313200000000000000e+04 0.000000000000000000e+00
5.314200000000000000e+04 -1.448694809798288574e+00
5.321200000000000000e+04 -7.297466408795408865e-01
5.322200000000000000e+04 0.000000000000000000e+00
5.323200000000000000e+04 -3.958215005603054060e-01
5.324200000000000000e+04 -1.646826182252591808e+00
5.331200000000000000e+04 -3.546273771831837340e+00
5.332200000000000000e+04 0.000000000000000000e+00
5.333200000000000000e+04 0.000000000000000000e+00
5.334200000000000000e+04 -2.551670098887697691e+00
5.341200000000000000e+04 -3.961432175764643127e+00
5.342200000000000000e+04 0.000000000000000000e+00
5.343200000000000000e+04 0.000000000000000000e+00
5.344200000000000000e+04 -3.344302855981925671e+00
5.411200000000000000e+04 -1.513114060992740706e+00
5.412200000000000000e+04 0.000000000000000000e+00
5.413200000000000000e+04 0.000000000000000000e+00
5.414200000000000000e+04 -3.126775885249143405e-01
5.421200000000000000e+04 -2.077437976716784984e+00
5.422200000000000000e+04 0.000000000000000000e+00
5.423200000000000000e+04 0.000000000000000000e+00
5.424200000000000000e+04 -8.205934527554099578e-01
5.431200000000000000e+04 -4.628385919767205259e+00
5.432200000000000000e+04 -1.474110759357069589e-01
5.433200000000000000e+04 -4.876522221592433093e-01
5.434200000000000000e+04 -2.489093610188674255e+00
5.441200000000000000e+04 -1.750231999096333091e+00
5.442200000000000000e+04 0.000000000000000000e+00
5.443200000000000000e+04 0.000000000000000000e+00
5.444200000000000000e+04 -7.273526525828332145e-01
5.511200000000000000e+04 -2.124834997376483514e+00
5.512200000000000000e+04 -3.721124241882738826e+00
5.513200000000000000e+04 -2.876733752023125312e+00
5.514200000000000000e+04 -1.029552600888909097e+00
5.521200000000000000e+04 -3.980093870387048760e+00
5.522200000000000000e+04 -4.406397151414672031e+00
5.523200000000000000e+04 -1.181596176866281711e+00
5.524200000000000000e+04 -1.037119567664052333e+00
5.531200000000000000e+04 -5.567137726065645609e+00
5.532200000000000000e+04 -5.198439458290004644e+00
5.533200000000000000e+04 -1.849961677117298198e+00
5.534200000000000000e+04 -2.243879057673928035e+00
5.541200000000000000e+04 -3.980000000000000204e-01
5.542200000000000000e+04 0.000000000000000000e+00
5.543200000000000000e+04 -2.000000000000000111e-01
5.544200000000000000e+04 -2.000000000000000111e-01
5.611200000000000000e+04 0.000000000000000000e+00
5.612200000000000000e+04 -5.803094198486330235e+00
5.613200000000000000e+04 -3.886035863455697292e+00
5.614200000000000000e+04 0.000000000000000000e+00
5.621200000000000000e+04 0.000000000000000000e+00
5.622200000000000000e+04 -4.928153450141527614e+00
5.623200000000000000e+04 -7.488156088816402267e-01
5.624200000000000000e+04 0.000000000000000000e+00
5.631200000000000000e+04 0.000000000000000000e+00
5.632200000000000000e+04 -6.355420568276402449e+00
5.633200000000000000e+04 -2.119315688095297912e+00
5.634200000000000000e+04 0.000000000000000000e+00
5.641200000000000000e+04 0.000000000000000000e+00
5.642200000000000000e+04 -2.000000000000000111e-01
5.643200000000000000e+04 -5.520660746357353155e-01
5.644200000000000000e+04 0.000000000000000000e+00
6.111200000000000000e+04 0.000000000000000000e+00
6.112200000000000000e+04 0.000000000000000000e+00
6.113200000000000000e+04 0.000000000000000000e+00
6.114200000000000000e+04 0.000000000000000000e+00
6.121200000000000000e+04 -1.066097306006369427e+00
6.122200000000000000e+04 -2.348196779330750245e-02
6.123200000000000000e+04 0.000000000000000000e+00
6.124200000000000000e+04 -2.100973391062187723e+00
6.131200000000000000e+04 -2.175558471482225364e+00
6.132200000000000000e+04 -2.304300760833019324e-01
6.133200000000000000e+04 -6.201426670707983480e-01
6.134200000000000000e+04 -3.710258426565372858e+00
6.141200000000000000e+04 -5.437883798872135799e+00
6.142200000000000000e+04 0.000000000000000000e+00
6.143200000000000000e+04 0.000000000000000000e+00
6.144200000000000000e+04 -6.794907859700341390e+00
6.211200000000000000e+04 0.000000000000000000e+00
6.212200000000000000e+04 -1.070334672226221362e-01
6.213200000000000000e+04 0.000000000000000000e+00
6.214200000000000000e+04 0.000000000000000000e+00
6.221200000000000000e+04 -6.444245872907262696e-01
6.222200000000000000e+04 -2.121456169320704577e-01
6.223200000000000000e+04 0.000000000000000000e+00
6.224200000000000000e+04 -1.369896423260208884e+00
6.231200000000000000e+04 -2.691340702194868761e+00
6.232200000000000000e+04 4.450009993495415705e-03
6.233200000000000000e+04 0.000000000000000000e+00
6.234200000000000000e+04 -2.675218546671188413e+00
6.241200000000000000e+04 -4.551413415786623951e+00
6.242200000000000000e+04 0.000000000000000000e+00
6.243200000000000000e+04 0.000000000000000000e+00
6.244200000000000000e+04 -5.927592307182488973e+00
6.311200000000000000e+04 -6.524700969453351984e-01
6.312200000000000000e+04 0.000000000000000000e+00
6.313200000000000000e+04 0.000000000000000000e+00
6.314200000000000000e+04 -1.000483396591848706e+00
6.321200000000000000e+04 -6.426528993959843561e-01
6.322200000000000000e+04 1.485108796852177282e-01
6.323200000000000000e+04 0.000000000000000000e+00
6.324200000000000000e+04 -8.805501230873422625e-01
6.331200000000000000e+04 -3.216592399219525777e+00
6.332200000000000000e+04 -6.443046631982005112e-02
6.333200000000000000e+04 -4.845547351647885304e-01
6.334200000000000000e+04 -2.400164369479753201e+00
6.341200000000000000e+04 -3.637698359555988858e+00
6.342200000000000000e+04 0.000000000000000000e+00
6.343200000000000000e+04 0.000000000000000000e+00
6.344200000000000000e+04 -2.666847039035572298e+00
6.411200000000000000e+04 -1.058187711866935610e+00
6.412200000000000000e+04 0.000000000000000000e+00
6.413200000000000000e+04 0.000000000000000000e+00
6.414200000000000000e+04 -6.096877886747632536e-01
6.421200000000000000e+04 -2.219690891731395332e+00
6.422200000000000000e+04 0.000000000000000000e+00
6.423200000000000000e+04 0.000000000000000000e+00
6.424200000000000000e+04 -5.790669755510954309e-01
6.431200000000000000e+04 -4.457272060454821272e+00
6.432200000000000000e+04 -6.308835377410478840e-01
6.433200000000000000e+04 -1.799480159517730937e-01
6.434200000000000000e+04 -2.026467994275449769e+00
6.441200000000000000e+04 -1.636389597886737768e+00
6.442200000000000000e+04 0.000000000000000000e+00
6.443200000000000000e+04 0.000000000000000000e+00
6.444200000000000000e+04 -4.608696453365808132e-01
6.511200000000000000e+04 -1.958744599398330344e+00
6.512200000000000000e+04 0.000000000000000000e+00
6.513200000000000000e+04 0.000000000000000000e+00
6.514200000000000000e+04 -1.526602917506137969e-01
6.521200000000000000e+04 -3.995913149646847184e+00
6.522200000000000000e+04 0.000000000000000000e+00
6.523200000000000000e+04 -5.898432515949977861e-02
6.524200000000000000e+04 -5.354522597975739373e-01
6.531200000000000000e+04 -6.019416813494817831e+00
6.532200000000000000e+04 -3.243785095996741252e-01
6.533200000000000000e+04 0.000000000000000000e+00
6.534200000000000000e+04 -1.968824191515989863e+00
6.541200000000000000e+04 -1.050034165303134870e+00
6.542200000000000000e+04 0.000000000000000000e+00
6.543200000000000000e+04 0.000000000000000000e+00
6.544200000000000000e+04 -9.800000000000000377e-02
6.611200000000000000e+04 -4.350871109023564109e+00
6.612200000000000000e+04 -6.392072826023686538e+00
6.613200000000000000e+04 -4.242966145780422416e+00
6.614200000000000000e+04 -1.806129712824461331e-02
6.621200000000000000e+04 -5.545596553400497619e+00
6.622200000000000000e+04 -5.566212060266169992e+00
6.623200000000000000e+04 -8.079358871951328736e-01
6.624200000000000000e+04 6.398017311496538573e-02
6.631200000000000000e+04 -7.812902165654352693e+00
6.632200000000000000e+04 -6.407199662221459313e+00
6.633200000000000000e+04 -9.928883180342663595e-01
6.634200000000000000e+04 -1.323122515999074711e+00
6.641200000000000000e+04 0.000000000000000000e+00
6.642200000000000000e+04 -3.980000000000000204e-01
6.643200000000000000e+04 -8.921436594082250704e-02
6.644200000000000000e+04 0.000000000000000000e+00
7.111200000000000000e+04 0.000000000000000000e+00
7.112200000000000000e+04 0.000000000000000000e+00
7.113200000000000000e+04 0.000000000000000000e+00
7.114200000000000000e+04 0.000000000000000000e+00
7.121200000000000000e+04 0.000000000000000000e+00
7.122200000000000000e+04 0.000000000000000000e+00
7.123200000000000000e+04 0.000000000000000000e+00
7.124200000000000000e+04 0.000000000000000000e+00
7.131200000000000000e+04 0.000000000000000000e+00
7.132200000000000000e+04 -2.993365066275885389e-01
7.133200000000000000e+04 0.000000000000000000e+00
7.134200000000000000e+04 -1.189135057047546962e+00
7.141200000000000000e+04 0.000000000000000000e+00
7.142200000000000000e+04 0.000000000000000000e+00
7.143200000000000000e+04 0.000000000000000000e+00
7.144200000000000000e+04 0.000000000000000000e+00
7.211200000000000000e+04 0.000000000000000000e+00
7.212200000000000000e+04 0.000000000000000000e+00
7.213200000000000000e+04 0.000000000000000000e+00
7.214200000000000000e+04 0.000000000000000000e+00
7.221200000000000000e+04 0.000000000000000000e+00
7.222200000000000000e+04 1.875306880039224675e-02
7.223200000000000000e+04 0.000000000000000000e+00
7.224200000000000000e+04 0.000000000000000000e+00
7.231200000000000000e+04 -4.020715561125985660e-02
7.232200000000000000e+04 2.332571113788447503e-01
7.233200000000000000e+04 0.000000000000000000e+00
7.234200000000000000e+04 -1.669929617615737438e+00
7.241200000000000000e+04 0.000000000000000000e+00
7.242200000000000000e+04 0.000000000000000000e+00
7.243200000000000000e+04 0.000000000000000000e+00
7.244200000000000000e+04 0.000000000000000000e+00
7.311200000000000000e+04 0.000000000000000000e+00
7.312200000000000000e+04 0.000000000000000000e+00
7.313200000000000000e+04 0.000000000000000000e+00
7.314200000000000000e+04 0.000000000000000000e+00
7.321200000000000000e+04 -1.033354079768705969e+00
7.322200000000000000e+04 7.549030456007173838e-03
7.323200000000000000e+04 0.000000000000000000e+00
7.324200000000000000e+04 -2.760290778974974768e-01
7.331200000000000000e+04 -1.980000000000000093e-01
7.332200000000000000e+04 -7.026743558024508562e-01
7.333200000000000000e+04 0.000000000000000000e+00
7.334200000000000000e+04 -6.758204434986707643e-01
7.341200000000000000e+04 0.000000000000000000e+00
7.342200000000000000e+04 0.000000000000000000e+00
7.343200000000000000e+04 0.000000000000000000e+00
7.344200000000000000e+04 0.000000000000000000e+00
7.411200000000000000e+04 0.000000000000000000e+00
7.412200000000000000e+04 0.000000000000000000e+00
7.413200000000000000e+04 0.000000000000000000e+00
7.414200000000000000e+04 0.000000000000000000e+00
7.421200000000000000e+04 1.774873396597874686e-01
7.422200000000000000e+04 -1.713711572436433794e-01
7.423200000000000000e+04 0.000000000000000000e+00
7.424200000000000000e+04 -1.447142124829427223e-01
7.431200000000000000e+04 0.000000000000000000e+00
7.432200000000000000e+04 -5.245140244523739392e-01
7.433200000000000000e+04 0.000000000000000000e+00
7.434200000000000000e+04 3.906910552887771226e-02
7.441200000000000000e+04 0.000000000000000000e+00
7.442200000000000000e+04 0.000000000000000000e+00
7.443200000000000000e+04 0.000000000000000000e+00
7.444200000000000000e+04 0.000000000000000000e+00
7.511200000000000000e+04 -1.961027535160329155e-02
7.512200000000000000e+04 0.000000000000000000e+00
7.513200000000000000e+04 0.000000000000000000e+00
7.514200000000000000e+04 0.000000000000000000e+00
7.521200000000000000e+04 -2.599819936835072176e-01
7.522200000000000000e+04 0.000000000000000000e+00
7.523200000000000000e+04 -2.569049304781552134e-01
7.524200000000000000e+04 2.463217186794886548e-01
7.531200000000000000e+04 -7.024386570065054014e-02
7.532200000000000000e+04 -8.821465053806365475e-01
7.533200000000000000e+04 0.000000000000000000e+00
7.534200000000000000e+04 -3.961383608594971628e-01
7.541200000000000000e+04 0.000000000000000000e+00
7.542200000000000000e+04 0.000000000000000000e+00
7.543200000000000000e+04 0.000000000000000000e+00
7.544200000000000000e+04 0.000000000000000000e+00
7.611200000000000000e+04 0.000000000000000000e+00
7.612200000000000000e+04 0.000000000000000000e+00
7.613200000000000000e+04 0.000000000000000000e+00
7.614200000000000000e+04 -7.430783961715191344e-02
7.621200000000000000e+04 0.000000000000000000e+00
7.622200000000000000e+04 0.000000000000000000e+00
7.623200000000000000e+04 0.000000000000000000e+00
7.624200000000000000e+04 -2.540432242358374726e-01
7.631200000000000000e+04 0.000000000000000000e+00
7.632200000000000000e+04 0.000000000000000000e+00
7.633200000000000000e+04 -1.860685252150917623e-01
7.634200000000000000e+04 -6.785528309964130589e-01
7.641200000000000000e+04 0.000000000000000000e+00
7.642200000000000000e+04 0.000000000000000000e+00
7.643200000000000000e+04 0.000000000000000000e+00
7.644200000000000000e+04 0.000000000000000000e+00
8.111200000000000000e+04 0.000000000000000000e+00
8.112200000000000000e+04 0.000000000000000000e+00
8.113200000000000000e+04 0.000000000000000000e+00
8.114200000000000000e+04 0.000000000000000000e+00
8.121200000000000000e+04 0.000000000000000000e+00
8.122200000000000000e+04 0.000000000000000000e+00
8.123200000000000000e+04 0.000000000000000000e+00
8.124200000000000000e+04 0.000000000000000000e+00
8.131200000000000000e+04 0.000000000000000000e+00
8.132200000000000000e+04 -3.040361394614714552e-01
8.133200000000000000e+04 0.000000000000000000e+00
8.134200000000000000e+04 0.000000000000000000e+00
8.141200000000000000e+04 0.000000000000000000e+00
8.142200000000000000e+04 0.000000000000000000e+00
8.143200000000000000e+04 0.000000000000000000e+00
8.144200000000000000e+04 0.000000000000000000e+00
8.211200000000000000e+04 0.000000000000000000e+00
8.212200000000000000e+04 0.000000000000000000e+00
8.213200000000000000e+04 0.000000000000000000e+00
8.214200000000000000e+04 0.000000000000000000e+00
8.221200000000000000e+04 0.000000000000000000e+00
8.222200000000000000e+04 0.000000000000000000e+00
8.223200000000000000e+04 0.000000000000000000e+00
8.224200000000000000e+04 0.000000000000000000e+00
8.231200000000000000e+04 4.922238997967554042e-02
8.232200000000000000e+04 -3.674152484129055707e-01
8.233200000000000000e+04 0.000000000000000000e+00
8.234200000000000000e+04 0.000000000000000000e+00
8.241200000000000000e+04 0.000000000000000000e+00
8.242200000000000000e+04 0.000000000000000000e+00
8.243200000000000000e+04 0.000000000000000000e+00
8.244200000000000000e+04 0.000000000000000000e+00
8.311200000000000000e+04 0.000000000000000000e+00
8.312200000000000000e+04 0.000000000000000000e+00
8.313200000000000000e+04 0.000000000000000000e+00
8.314200000000000000e+04 0.000000000000000000e+00
8.321200000000000000e+04 -1.779578213672336762e-01
8.322200000000000000e+04 0.000000000000000000e+00
8.323200000000000000e+04 0.000000000000000000e+00
8.324200000000000000e+04 0.000000000000000000e+00
8.331200000000000000e+04 -3.312265039919425336e-01
8.332200000000000000e+04 0.000000000000000000e+00
8.333200000000000000e+04 0.000000000000000000e+00
8.334200000000000000e+04 0.000000000000000000e+00
8.341200000000000000e+04 0.000000000000000000e+00
8.342200000000000000e+04 0.000000000000000000e+00
8.343200000000000000e+04 0.000000000000000000e+00
8.344200000000000000e+04 0.000000000000000000e+00
8.411200000000000000e+04 0.000000000000000000e+00
8.412200000000000000e+04 0.000000000000000000e+00
8.413200000000000000e+04 0.000000000000000000e+00
8.414200000000000000e+04 0.000000000000000000e+00
8.421200000000000000e+04 0.000000000000000000e+00
8.422200000000000000e+04 0.000000000000000000e+00
8.423200000000000000e+04 0.000000000000000000e+00
8.424200000000000000e+04 0.000000000000000000e+00
8.431200000000000000e+04 0.000000000000000000e+00
8.432200000000000000e+04 0.000000000000000000e+00
8.433200000000000000e+04 0.000000000000000000e+00
8.434200000000000000e+04 0.000000000000000000e+00
8.441200000000000000e+04 0.000000000000000000e+00
8.442200000000000000e+04 0.000000000000000000e+00
8.443200000000000000e+04 0.000000000000000000e+00
8.444200000000000000e+04 0.000000000000000000e+00
8.511200000000000000e+04 0.000000000000000000e+00
8.512200000000000000e+04 0.000000000000000000e+00
8.513200000000000000e+04 0.000000000000000000e+00
8.514200000000000000e+04 0.000000000000000000e+00
8.521200000000000000e+04 -4.775694260589879447e-01
8.522200000000000000e+04 0.000000000000000000e+00
8.523200000000000000e+04 0.000000000000000000e+00
8.524200000000000000e+04 0.000000000000000000e+00
8.531200000000000000e+04 0.000000000000000000e+00
8.532200000000000000e+04 0.000000000000000000e+00
8.533200000000000000e+04 0.000000000000000000e+00
8.534200000000000000e+04 0.000000000000000000e+00
8.541200000000000000e+04 0.000000000000000000e+00
8.542200000000000000e+04 0.000000000000000000e+00
8.543200000000000000e+04 0.000000000000000000e+00
8.544200000000000000e+04 0.000000000000000000e+00
8.611200000000000000e+04 0.000000000000000000e+00
8.612200000000000000e+04 0.000000000000000000e+00
8.613200000000000000e+04 0.000000000000000000e+00
8.614200000000000000e+04 0.000000000000000000e+00
8.621200000000000000e+04 0.000000000000000000e+00
8.622200000000000000e+04 0.000000000000000000e+00
8.623200000000000000e+04 0.000000000000000000e+00
8.624200000000000000e+04 0.000000000000000000e+00
8.631200000000000000e+04 0.000000000000000000e+00
8.632200000000000000e+04 0.000000000000000000e+00
8.633200000000000000e+04 0.000000000000000000e+00
8.634200000000000000e+04 0.000000000000000000e+00
8.641200000000000000e+04 0.000000000000000000e+00
8.642200000000000000e+04 0.000000000000000000e+00
8.643200000000000000e+04 0.000000000000000000e+00
8.644200000000000000e+04 0.000000000000000000e+00
