1.111400000000000000e+04 -8.096347097903906942e+00
1.112400000000000000e+04 -8.120793521586808339e+00
1.113400000000000000e+04 -5.703648741128708011e+00
1.114400000000000000e+04 -5.997908244259888555e+00
1.121400000000000000e+04 -6.425534195230846457e+00
1.122400000000000000e+04 -6.747298182344813711e+00
1.123400000000000000e+04 -3.572357592981133312e+00
1.124400000000000000e+04 -2.598579937814744945e+00
1.131400000000000000e+04 -6.840125888618960204e+00
1.132400000000000000e+04 -6.579864760152103642e+00
1.133400000000000000e+04 -5.228249680088459250e+00
1.134400000000000000e+04 -5.225237117311065660e+00
1.141400000000000000e+04 0.000000000000000000e+00
1.142400000000000000e+04 -4.476422184808275251e-01
1.143400000000000000e+04 0.000000000000000000e+00
1.144400000000000000e+04 0.000000000000000000e+00
1.211400000000000000e+04 0.000000000000000000e+00
1.212400000000000000e+04 -4.769628562062340649e+00
1.213400000000000000e+04 -4.032518891740841660e+00
1.214400000000000000e+04 0.000000000000000000e+00
1.221400000000000000e+04 0.000000000000000000e+00
1.222400000000000000e+04 -6.693963908205875057e+00
1.223400000000000000e+04 -3.035280022425283164e+00
1.224400000000000000e+04 0.000000000000000000e+00
1.231400000000000000e+04 0.000000000000000000e+00
1.232400000000000000e+04 -6.770415421977128645e+00
1.233400000000000000e+04 -4.958980617205281050e+00
1.234400000000000000e+04 0.000000000000000000e+00
1.241400000000000000e+04 0.000000000000000000e+00
1.242400000000000000e+04 -1.714052428913959591e+00
1.243400000000000000e+04 -6.500287009413902028e-01
1.244400000000000000e+04 0.000000000000000000e+00
1.311400000000000000e+04 0.000000000000000000e+00
1.312400000000000000e+04 -4.959238981214030950e+00
1.313400000000000000e+04 -5.088088850800279062e+00
1.314400000000000000e+04 0.000000000000000000e+00
1.321400000000000000e+04 0.000000000000000000e+00
1.322400000000000000e+04 -4.417938412102289547e+00
1.323400000000000000e+04 -4.107953650692473424e+00
1.324400000000000000e+04 0.000000000000000000e+00
1.331400000000000000e+04 0.000000000000000000e+00
1.332400000000000000e+04 -6.110316730221663661e+00
1.333400000000000000e+04 -4.479575024758160495e+00
1.334400000000000000e+04 0.000000000000000000e+00
1.341400000000000000e+04 0.000000000000000000e+00
1.342400000000000000e+04 -3.837189571176033986e+00
1.343400000000000000e+04 -1.675014208396097493e+00
1.344400000000000000e+04 0.000000000000000000e+00
1.411400000000000000e+04 0.000000000000000000e+00
1.412400000000000000e+04 -4.059386263445617260e+00
1.413400000000000000e+04 -5.196448399035970667e+00
1.414400000000000000e+04 0.000000000000000000e+00
1.421400000000000000e+04 0.000000000000000000e+00
1.422400000000000000e+04 -4.555663613561456771e+00
1.423400000000000000e+04 -4.387399722458657614e+00
1.424400000000000000e+04 0.000000000000000000e+00
1.431400000000000000e+04 0.000000000000000000e+00
1.432400000000000000e+04 -4.441242180582860577e+00
1.433400000000000000e+04 -4.661459686039333583e+00
1.434400000000000000e+04 -9.176920266149565242e-01
1.441400000000000000e+04 0.000000000000000000e+00
1.442400000000000000e+04 -6.337639309109121655e+00
1.443400000000000000e+04 -5.952124149113277696e+00
1.444400000000000000e+04 0.000000000000000000e+00
1.511400000000000000e+04 0.000000000000000000e+00
1.512400000000000000e+04 0.000000000000000000e+00
1.513400000000000000e+04 0.000000000000000000e+00
1.514400000000000000e+04 0.000000000000000000e+00
1.521400000000000000e+04 0.000000000000000000e+00
1.522400000000000000e+04 -5.129216051501104268e+00
1.523400000000000000e+04 -5.831514918683243565e+00
1.524400000000000000e+04 0.000000000000000000e+00
1.531400000000000000e+04 0.000000000000000000e+00
1.532400000000000000e+04 -4.770165404290083622e+00
1.533400000000000000e+04 -6.371368790834536888e+00
1.534400000000000000e+04 0.000000000000000000e+00
1.541400000000000000e+04 0.000000000000000000e+00
1.542400000000000000e+04 -6.552030189014479866e+00
1.543400000000000000e+04 -7.452362104074619964e+00
1.544400000000000000e+04 0.000000000000000000e+00
1.611400000000000000e+04 0.000000000000000000e+00
1.612400000000000000e+04 0.000000000000000000e+00
1.613400000000000000e+04 0.000000000000000000e+00
1.614400000000000000e+04 0.000000000000000000e+00
1.621400000000000000e+04 0.000000000000000000e+00
1.622400000000000000e+04 -5.979356656774176493e+00
1.623400000000000000e+04 -6.361928163632498467e+00
1.624400000000000000e+04 0.000000000000000000e+00
1.631400000000000000e+04 0.000000000000000000e+00
1.632400000000000000e+04 -5.700198743773706056e+00
1.633400000000000000e+04 -6.483665312718765783e+00
1.634400000000000000e+04 0.000000000000000000e+00
1.641400000000000000e+04 0.000000000000000000e+00
1.642400000000000000e+04 -6.285080507339703360e+00
1.643400000000000000e+04 -7.640920921789160047e+00
1.644400000000000000e+04 0.000000000000000000e+00
2.111400000000000000e+04 -1.008406354699906693e+01
2.112400000000000000e+04 0.000000000000000000e+00
2.113400000000000000e+04 0.000000000000000000e+00
2.114400000000000000e+04 -8.499172175656006800e+00
2.121400000000000000e+04 -6.839689304160306627e+00
2.122400000000000000e+04 0.000000000000000000e+00
2.123400000000000000e+04 0.000000000000000000e+00
2.124400000000000000e+04 -4.412666304441463794e+00
2.131400000000000000e+04 -6.986863797552410382e+00
2.132400000000000000e+04 0.000000000000000000e+00
2.133400000000000000e+04 0.000000000000000000e+00
2.134400000000000000e+04 -5.252103818693419690e+00
2.141400000000000000e+04 -5.682056917213094138e-01
2.142400000000000000e+04 0.000000000000000000e+00
2.143400000000000000e+04 0.000000000000000000e+00
2.144400000000000000e+04 0.000000000000000000e+00
2.211400000000000000e+04 -8.532353239999171279e+00
2.212400000000000000e+04 -5.870457391953386228e+00
2.213400000000000000e+04 -5.467782114253369130e+00
2.214400000000000000e+04 -7.183869710009813225e+00
2.221400000000000000e+04 -7.155780187077274590e+00
2.222400000000000000e+04 -6.256806766197768432e+00
2.223400000000000000e+04 -3.946532232433581200e+00
2.224400000000000000e+04 -4.869014689276858654e+00
2.231400000000000000e+04 -7.165144029265983150e+00
2.232400000000000000e+04 -6.931068932280473938e+00
2.233400000000000000e+04 -5.108022608734244407e+00
2.234400000000000000e+04 -5.712082418897177050e+00
2.241400000000000000e+04 -9.828430843743187761e-01
2.242400000000000000e+04 -5.000000000000000000e-01
2.243400000000000000e+04 -6.744021501442012401e-01
2.244400000000000000e+04 0.000000000000000000e+00
2.311400000000000000e+04 0.000000000000000000e+00
2.312400000000000000e+04 -5.224853634108058031e+00
2.313400000000000000e+04 -6.354847422536179735e+00
2.314400000000000000e+04 0.000000000000000000e+00
2.321400000000000000e+04 0.000000000000000000e+00
2.322400000000000000e+04 -6.188712325652249824e+00
2.323400000000000000e+04 -5.183719080510069688e+00
2.324400000000000000e+04 0.000000000000000000e+00
2.331400000000000000e+04 0.000000000000000000e+00
2.332400000000000000e+04 -5.943293316881935517e+00
2.333400000000000000e+04 -5.661482081007147116e+00
2.334400000000000000e+04 0.000000000000000000e+00
2.341400000000000000e+04 0.000000000000000000e+00
2.342400000000000000e+04 -4.091174352458993191e+00
2.343400000000000000e+04 -2.313926042069381239e+00
2.344400000000000000e+04 0.000000000000000000e+00
2.411400000000000000e+04 0.000000000000000000e+00
2.412400000000000000e+04 -4.756229131392822218e+00
2.413400000000000000e+04 -4.935571290364512365e+00
2.414400000000000000e+04 0.000000000000000000e+00
2.421400000000000000e+04 0.000000000000000000e+00
2.422400000000000000e+04 -4.785379181924860781e+00
2.423400000000000000e+04 -5.223783289239543492e+00
2.424400000000000000e+04 0.000000000000000000e+00
2.431400000000000000e+04 0.000000000000000000e+00
2.432400000000000000e+04 -5.540714936640769750e+00
2.433400000000000000e+04 -5.192400784723369078e+00
2.434400000000000000e+04 0.000000000000000000e+00
2.441400000000000000e+04 0.000000000000000000e+00
2.442400000000000000e+04 -4.096463566344841212e+00
2.443400000000000000e+04 -6.017564930096352072e+00
2.444400000000000000e+04 0.000000000000000000e+00
2.511400000000000000e+04 0.000000000000000000e+00
2.512400000000000000e+04 -5.527633649151360906e+00
2.513400000000000000e+04 -6.969004318355703553e+00
2.514400000000000000e+04 0.000000000000000000e+00
2.521400000000000000e+04 0.000000000000000000e+00
2.522400000000000000e+04 -4.522441031903386310e+00
2.523400000000000000e+04 -5.821239829052403003e+00
2.524400000000000000e+04 -3.507581612427799755e-01
2.531400000000000000e+04 0.000000000000000000e+00
2.532400000000000000e+04 -5.041991980000814166e+00
2.533400000000000000e+04 -7.025831117681558879e+00
2.534400000000000000e+04 0.000000000000000000e+00
2.541400000000000000e+04 0.000000000000000000e+00
2.542400000000000000e+04 -6.518193761957606469e+00
2.543400000000000000e+04 -6.418038333975575327e+00
2.544400000000000000e+04 0.000000000000000000e+00
2.611400000000000000e+04 0.000000000000000000e+00
2.612400000000000000e+04 0.000000000000000000e+00
2.613400000000000000e+04 0.000000000000000000e+00
2.614400000000000000e+04 0.000000000000000000e+00
2.621400000000000000e+04 0.000000000000000000e+00
2.622400000000000000e+04 -4.958180810932639737e+00
2.623400000000000000e+04 -6.888856700251960063e+00
2.624400000000000000e+04 0.000000000000000000e+00
2.631400000000000000e+04 0.000000000000000000e+00
2.632400000000000000e+04 -5.526804342381238300e+00
2.633400000000000000e+04 -7.244561843074344587e+00
2.634400000000000000e+04 0.000000000000000000e+00
2.641400000000000000e+04 0.000000000000000000e+00
2.642400000000000000e+04 -6.002622898357877546e+00
2.643400000000000000e+04 -7.109658890442585033e+00
2.644400000000000000e+04 0.000000000000000000e+00
3.111400000000000000e+04 -9.550879455985885613e+00
3.112400000000000000e+04 0.000000000000000000e+00
3.113400000000000000e+04 0.000000000000000000e+00
3.114400000000000000e+04 -7.753603434457522425e+00
3.121400000000000000e+04 -8.874546519686237644e+00
3.122400000000000000e+04 0.000000000000000000e+00
3.123400000000000000e+04 0.000000000000000000e+00
3.124400000000000000e+04 -5.542228713702572307e+00
3.131400000000000000e+04 -7.589109105989569670e+00
3.132400000000000000e+04 0.000000000000000000e+00
3.133400000000000000e+04 0.000000000000000000e+00
3.134400000000000000e+04 -5.919054648299518107e+00
3.141400000000000000e+04 -2.636294754338141644e+00
3.142400000000000000e+04 0.000000000000000000e+00
3.143400000000000000e+04 0.000000000000000000e+00
3.144400000000000000e+04 -2.757078898477502982e+00
3.211400000000000000e+04 -8.551595347966946647e+00
3.212400000000000000e+04 0.000000000000000000e+00
3.213400000000000000e+04 0.000000000000000000e+00
3.214400000000000000e+04 -6.311023906461365129e+00
3.221400000000000000e+04 -6.944648187573312370e+00
3.222400000000000000e+04 0.000000000000000000e+00
3.223400000000000000e+04 0.000000000000000000e+00
3.224400000000000000e+04 -5.358654779367948429e+00
3.231400000000000000e+04 -7.159969477314662711e+00
3.232400000000000000e+04 0.000000000000000000e+00
3.233400000000000000e+04 0.000000000000000000e+00
3.234400000000000000e+04 -5.753839749010223770e+00
3.241400000000000000e+04 -3.599089632389551596e+00
3.242400000000000000e+04 0.000000000000000000e+00
3.243400000000000000e+04 0.000000000000000000e+00
3.244400000000000000e+04 -3.240732181466435602e+00
3.311400000000000000e+04 -7.947013428432615711e+00
3.312400000000000000e+04 -6.463228575140250065e+00
3.313400000000000000e+04 -8.076642282999500821e+00
3.314400000000000000e+04 -7.540720337239078752e+00
3.321400000000000000e+04 -5.725518457352469781e+00
3.322400000000000000e+04 -5.036042518413483826e+00
3.323400000000000000e+04 -6.046182067499368706e+00
3.324400000000000000e+04 -5.049535308230629127e+00
3.331400000000000000e+04 -7.013081924247453358e+00
3.332400000000000000e+04 -6.148215062475006931e+00
3.333400000000000000e+04 -6.213850533613184624e+00
3.334400000000000000e+04 -5.961838621077712119e+00
3.341400000000000000e+04 -2.213141452435162915e+00
3.342400000000000000e+04 -7.137833991966973102e-01
3.343400000000000000e+04 -1.804934949634742214e+00
3.344400000000000000e+04 -1.509828574293829551e+00
3.411400000000000000e+04 0.000000000000000000e+00
3.412400000000000000e+04 -5.845942811349748247e+00
3.413400000000000000e+04 -6.358309940210231659e+00
3.414400000000000000e+04 0.000000000000000000e+00
3.421400000000000000e+04 0.000000000000000000e+00
3.422400000000000000e+04 -5.187338831509110015e+00
3.423400000000000000e+04 -5.789238834040172144e+00
3.424400000000000000e+04 0.000000000000000000e+00
3.431400000000000000e+04 0.000000000000000000e+00
3.432400000000000000e+04 -5.840043675271135548e+00
3.433400000000000000e+04 -6.306597980992252772e+00
3.434400000000000000e+04 0.000000000000000000e+00
3.441400000000000000e+04 0.000000000000000000e+00
3.442400000000000000e+04 -4.856714328358560095e+00
3.443400000000000000e+04 -4.043378477446030850e+00
3.444400000000000000e+04 0.000000000000000000e+00
3.511400000000000000e+04 0.000000000000000000e+00
3.512400000000000000e+04 -5.713422904127554602e+00
3.513400000000000000e+04 -6.415142404946144516e+00
3.514400000000000000e+04 0.000000000000000000e+00
3.521400000000000000e+04 0.000000000000000000e+00
3.522400000000000000e+04 -5.297655921790013878e+00
3.523400000000000000e+04 -6.520136400689201750e+00
3.524400000000000000e+04 0.000000000000000000e+00
3.531400000000000000e+04 0.000000000000000000e+00
3.532400000000000000e+04 -6.049639629715873212e+00
3.533400000000000000e+04 -6.772065579016013359e+00
3.534400000000000000e+04 0.000000000000000000e+00
3.541400000000000000e+04 0.000000000000000000e+00
3.542400000000000000e+04 -6.587356313459997281e+00
3.543400000000000000e+04 -4.690308988986433114e+00
3.544400000000000000e+04 0.000000000000000000e+00
3.611400000000000000e+04 0.000000000000000000e+00
3.612400000000000000e+04 -7.107097286990654794e+00
3.613400000000000000e+04 -7.929556310733475222e+00
3.614400000000000000e+04 0.000000000000000000e+00
3.621400000000000000e+04 0.000000000000000000e+00
3.622400000000000000e+04 -6.581138488224270056e+00
3.623400000000000000e+04 -6.679848360741710067e+00
3.624400000000000000e+04 0.000000000000000000e+00
3.631400000000000000e+04 0.000000000000000000e+00
3.632400000000000000e+04 -5.418877856617723587e+00
3.633400000000000000e+04 -6.974897418849233866e+00
3.634400000000000000e+04 0.000000000000000000e+00
3.641400000000000000e+04 0.000000000000000000e+00
3.642400000000000000e+04 -4.665586697630201840e+00
3.643400000000000000e+04 -5.977344579670463176e+00
3.644400000000000000e+04 0.000000000000000000e+00
4.111400000000000000e+04 -8.775701917110197314e+00
4.112400000000000000e+04 0.000000000000000000e+00
4.113400000000000000e+04 0.000000000000000000e+00
4.114400000000000000e+04 -8.090808221202628658e+00
4.121400000000000000e+04 -8.510168388901508507e+00
4.122400000000000000e+04 0.000000000000000000e+00
4.123400000000000000e+04 0.000000000000000000e+00
4.124400000000000000e+04 -6.708138181863035676e+00
4.131400000000000000e+04 -7.218600260109182543e+00
4.132400000000000000e+04 0.000000000000000000e+00
4.133400000000000000e+04 0.000000000000000000e+00
4.134400000000000000e+04 -5.706078939134775929e+00
4.141400000000000000e+04 -4.654781589798136388e+00
4.142400000000000000e+04 0.000000000000000000e+00
4.143400000000000000e+04 0.000000000000000000e+00
4.144400000000000000e+04 -4.794602879592420486e+00
4.211400000000000000e+04 -7.732295500324205761e+00
4.212400000000000000e+04 0.000000000000000000e+00
4.213400000000000000e+04 0.000000000000000000e+00
4.214400000000000000e+04 -6.638731418205970236e+00
4.221400000000000000e+04 -6.725051720739246619e+00
4.222400000000000000e+04 0.000000000000000000e+00
4.223400000000000000e+04 0.000000000000000000e+00
4.224400000000000000e+04 -5.616213864607874307e+00
4.231400000000000000e+04 -6.281948399813029660e+00
4.232400000000000000e+04 0.000000000000000000e+00
4.233400000000000000e+04 0.000000000000000000e+00
4.234400000000000000e+04 -4.707220188670111938e+00
4.241400000000000000e+04 -5.483064884631216884e+00
4.242400000000000000e+04 0.000000000000000000e+00
4.243400000000000000e+04 0.000000000000000000e+00
4.244400000000000000e+04 -6.651667124619603300e+00
4.311400000000000000e+04 -6.646891427295394728e+00
4.312400000000000000e+04 0.000000000000000000e+00
4.313400000000000000e+04 0.000000000000000000e+00
4.314400000000000000e+04 -6.297518961898083134e+00
4.321400000000000000e+04 -4.630112291393821522e+00
4.322400000000000000e+04 -1.992148380220880033e-01
4.323400000000000000e+04 0.000000000000000000e+00
4.324400000000000000e+04 -4.933926073511724297e+00
4.331400000000000000e+04 -6.376148389608788492e+00
4.332400000000000000e+04 0.000000000000000000e+00
4.333400000000000000e+04 -4.939330689787859718e-01
4.334400000000000000e+04 -6.363608466377562500e+00
4.341400000000000000e+04 -3.186211475800059922e+00
4.342400000000000000e+04 0.000000000000000000e+00
4.343400000000000000e+04 0.000000000000000000e+00
4.344400000000000000e+04 -3.392412396337206815e+00
4.411400000000000000e+04 -6.213271577247319932e+00
4.412400000000000000e+04 -7.401199592333863819e+00
4.413400000000000000e+04 -6.465612440964127572e+00
4.414400000000000000e+04 -6.654923454120506676e+00
4.421400000000000000e+04 -5.539272925314584484e+00
4.422400000000000000e+04 -5.779589186414503033e+00
4.423400000000000000e+04 -6.851241423860246371e+00
4.424400000000000000e+04 -6.736052399987003447e+00
4.431400000000000000e+04 -6.040576084498881393e+00
4.432400000000000000e+04 -6.046579069935796191e+00
4.433400000000000000e+04 -6.526494271724262219e+00
4.434400000000000000e+04 -6.195060375689244836e+00
4.441400000000000000e+04 -1.590134362846511218e+00
4.442400000000000000e+04 -2.433644884024574129e+00
4.443400000000000000e+04 0.000000000000000000e+00
4.444400000000000000e+04 0.000000000000000000e+00
4.511400000000000000e+04 0.000000000000000000e+00
4.512400000000000000e+04 -8.667472579334749128e+00
4.513400000000000000e+04 -7.640246888793482682e+00
4.514400000000000000e+04 0.000000000000000000e+00
4.521400000000000000e+04 0.000000000000000000e+00
4.522400000000000000e+04 -4.920699890951212296e+00
4.523400000000000000e+04 -7.545390497693041709e+00
4.524400000000000000e+04 0.000000000000000000e+00
4.531400000000000000e+04 0.000000000000000000e+00
4.532400000000000000e+04 -5.999176056021823022e+00
4.533400000000000000e+04 -6.936135436939169452e+00
4.534400000000000000e+04 0.000000000000000000e+00
4.541400000000000000e+04 0.000000000000000000e+00
4.542400000000000000e+04 -4.508969116696034618e+00
4.543400000000000000e+04 -4.359408578983776650e+00
4.544400000000000000e+04 0.000000000000000000e+00
4.611400000000000000e+04 0.000000000000000000e+00
4.612400000000000000e+04 -9.040989283990345626e+00
4.613400000000000000e+04 -9.053429487672492115e+00
4.614400000000000000e+04 0.000000000000000000e+00
4.621400000000000000e+04 0.000000000000000000e+00
4.622400000000000000e+04 -5.858034391873770730e+00
4.623400000000000000e+04 -7.793653920435716920e+00
4.624400000000000000e+04 0.000000000000000000e+00
4.631400000000000000e+04 0.000000000000000000e+00
4.632400000000000000e+04 -5.360430997820637700e+00
4.633400000000000000e+04 -6.917216933722616368e+00
4.634400000000000000e+04 0.000000000000000000e+00
4.641400000000000000e+04 0.000000000000000000e+00
4.642400000000000000e+04 -2.472081350817399326e+00
4.643400000000000000e+04 -2.457113047274382733e+00
4.644400000000000000e+04 0.000000000000000000e+00
5.111400000000000000e+04 0.000000000000000000e+00
5.112400000000000000e+04 0.000000000000000000e+00
5.113400000000000000e+04 0.000000000000000000e+00
5.114400000000000000e+04 0.000000000000000000e+00
5.121400000000000000e+04 -7.141735485932966476e+00
5.122400000000000000e+04 -3.821148827299873929e-01
5.123400000000000000e+04 0.000000000000000000e+00
5.124400000000000000e+04 -5.162079496904453890e+00
5.131400000000000000e+04 -7.187196212580784227e+00
5.132400000000000000e+04 0.000000000000000000e+00
5.133400000000000000e+04 0.000000000000000000e+00
5.134400000000000000e+04 -4.868559948955259564e+00
5.141400000000000000e+04 -6.818742028595444538e+00
5.142400000000000000e+04 0.000000000000000000e+00
5.143400000000000000e+04 0.000000000000000000e+00
5.144400000000000000e+04 -5.891851269075600861e+00
5.211400000000000000e+04 -6.510777747553021300e+00
5.212400000000000000e+04 0.000000000000000000e+00
5.213400000000000000e+04 -1.287030439280353322e+00
5.214400000000000000e+04 -5.577980556164136239e+00
5.221400000000000000e+04 -6.861944491260760337e+00
5.222400000000000000e+04 -5.358355853977307959e-01
5.223400000000000000e+04 -1.117665303659277409e+00
5.224400000000000000e+04 -4.968375040700442113e+00
5.231400000000000000e+04 -6.078880218656991907e+00
5.232400000000000000e+04 0.000000000000000000e+00
5.233400000000000000e+04 -5.583493862695563248e-01
5.234400000000000000e+04 -5.099175591457518308e+00
5.241400000000000000e+04 -6.956967376572666950e+00
5.242400000000000000e+04 0.000000000000000000e+00
5.243400000000000000e+04 0.000000000000000000e+00
5.244400000000000000e+04 -6.007733817657063824e+00
5.311400000000000000e+04 -5.488736834183528757e+00
5.312400000000000000e+04 0.000000000000000000e+00
5.313400000000000000e+04 0.000000000000000000e+00
5.314400000000000000e+04 -5.157020597736068801e+00
5.321400000000000000e+04 -5.194240333667676346e+00
5.322400000000000000e+04 -3.054348281744103666e-01
5.323400000000000000e+04 -3.489677501951525818e-01
5.324400000000000000e+04 -3.748726154027662183e+00
5.331400000000000000e+04 -5.899867558919918764e+00
5.332400000000000000e+04 -3.173500745089266051e-01
5.333400000000000000e+04 -3.984370289356044537e-01
5.334400000000000000e+04 -4.332532482837581078e+00
5.341400000000000000e+04 -5.656925148818230831e+00
5.342400000000000000e+04 0.000000000000000000e+00
5.343400000000000000e+04 0.000000000000000000e+00
5.344400000000000000e+04 -4.893756602001944067e+00
5.411400000000000000e+04 -5.196338050124807317e+00
5.412400000000000000e+04 0.000000000000000000e+00
5.413400000000000000e+04 0.000000000000000000e+00
5.414400000000000000e+04 -6.408496071063717103e+00
5.421400000000000000e+04 -4.021760705500328825e+00
5.422400000000000000e+04 0.000000000000000000e+00
5.423400000000000000e+04 0.000000000000000000e+00
5.424400000000000000e+04 -5.428721277747032836e+00
5.431400000000000000e+04 -5.108414746091678893e+00
5.432400000000000000e+04 0.000000000000000000e+00
5.433400000000000000e+04 -5.755280371557285335e-01
5.434400000000000000e+04 -6.007279056280184548e+00
5.441400000000000000e+04 -2.379515281163663953e+00
5.442400000000000000e+04 0.000000000000000000e+00
5.443400000000000000e+04 0.000000000000000000e+00
5.444400000000000000e+04 -2.748797510331695726e+00
5.511400000000000000e+04 -5.768331071363514972e+00
5.512400000000000000e+04 -6.682873865081847775e+00
5.513400000000000000e+04 -7.868311048146070519e+00
5.514400000000000000e+04 -6.231598122516709637e+00
5.521400000000000000e+04 -4.419609174102925309e+00
5.522400000000000000e+04 -5.419878111090076445e+00
5.523400000000000000e+04 -6.932918808306107294e+00
5.524400000000000000e+04 -5.838147144189613336e+00
5.531400000000000000e+04 -5.625507138866487900e+00
5.532400000000000000e+04 -6.170711361454171318e+00
5.533400000000000000e+04 -6.035767491594917544e+00
5.534400000000000000e+04 -6.351688272091962517e+00
5.541400000000000000e+04 -6.556977044897949192e-01
5.542400000000000000e+04 0.000000000000000000e+00
5.543400000000000000e+04 -1.336758701558252049e+00
5.544400000000000000e+04 -1.391283157372054990e+00
5.611400000000000000e+04 0.000000000000000000e+00
5.612400000000000000e+04 -7.093831786676368267e+00
5.613400000000000000e+04 -9.251677247052150221e+00
5.614400000000000000e+04 0.000000000000000000e+00
5.621400000000000000e+04 0.000000000000000000e+00
5.622400000000000000e+04 -4.388670284851905024e+00
5.623400000000000000e+04 -7.215512663123008430e+00
5.624400000000000000e+04 0.000000000000000000e+00
5.631400000000000000e+04 0.000000000000000000e+00
5.632400000000000000e+04 -5.284189226302413722e+00
5.633400000000000000e+04 -6.301807438829289509e+00
5.634400000000000000e+04 0.000000000000000000e+00
5.641400000000000000e+04 0.000000000000000000e+00
5.642400000000000000e+04 -3.609376284630175791e-01
5.643400000000000000e+04 -1.620932203816501715e+00
5.644400000000000000e+04 0.000000000000000000e+00
6.111400000000000000e+04 0.000000000000000000e+00
6.112400000000000000e+04 0.000000000000000000e+00
6.113400000000000000e+04 0.000000000000000000e+00
6.114400000000000000e+04 0.000000000000000000e+00
6.121400000000000000e+04 -6.770482083104673698e+00
6.122400000000000000e+04 -4.679474640368648242e-01
6.123400000000000000e+04 0.000000000000000000e+00
6.124400000000000000e+04 -5.232358166621394524e+00
6.131400000000000000e+04 -6.705847817991340776e+00
6.132400000000000000e+04 0.000000000000000000e+00
6.133400000000000000e+04 0.000000000000000000e+00
6.134400000000000000e+04 -5.106867303208883158e+00
6.141400000000000000e+04 -6.283333872120040908e+00
6.142400000000000000e+04 0.000000000000000000e+00
6.143400000000000000e+04 0.000000000000000000e+00
6.144400000000000000e+04 -6.146938347297174587e+00
6.211400000000000000e+04 0.000000000000000000e+00
6.212400000000000000e+04 0.000000000000000000e+00
6.213400000000000000e+04 0.000000000000000000e+00
6.214400000000000000e+04 0.000000000000000000e+00
6.221400000000000000e+04 -5.826678798035942464e+00
6.222400000000000000e+04 -6.927546513418266771e-01
6.223400000000000000e+04 -3.695600982938550549e-01
6.224400000000000000e+04 -4.169065905354400137e+00
6.231400000000000000e+04 -5.697485206495319865e+00
6.232400000000000000e+04 0.000000000000000000e+00
6.233400000000000000e+04 0.000000000000000000e+00
6.234400000000000000e+04 -4.801778278378801446e+00
6.241400000000000000e+04 -6.271619979584022175e+00
6.242400000000000000e+04 0.000000000000000000e+00
6.243400000000000000e+04 0.000000000000000000e+00
6.244400000000000000e+04 -6.750913713876453670e+00
6.311400000000000000e+04 -4.669031868533293661e+00
6.312400000000000000e+04 0.000000000000000000e+00
6.313400000000000000e+04 0.000000000000000000e+00
6.314400000000000000e+04 -4.064858825463132597e+00
6.321400000000000000e+04 -3.794486326927565489e+00
6.322400000000000000e+04 0.000000000000000000e+00
6.323400000000000000e+04 -9.166672030656194403e-01
6.324400000000000000e+04 -3.271807690521810308e+00
6.331400000000000000e+04 -4.387308811746099657e+00
6.332400000000000000e+04 0.000000000000000000e+00
6.333400000000000000e+04 0.000000000000000000e+00
6.334400000000000000e+04 -4.801120894241196702e+00
6.341400000000000000e+04 -5.838345043643807131e+00
6.342400000000000000e+04 0.000000000000000000e+00
6.343400000000000000e+04 0.000000000000000000e+00
6.344400000000000000e+04 -5.512873321037042196e+00
6.411400000000000000e+04 -3.891769060585863915e+00
6.412400000000000000e+04 0.000000000000000000e+00
6.413400000000000000e+04 0.000000000000000000e+00
6.414400000000000000e+04 -3.909217235706116345e+00
6.421400000000000000e+04 -3.984832454029204385e+00
6.422400000000000000e+04 -3.564894220410168568e-01
6.423400000000000000e+04 0.000000000000000000e+00
6.424400000000000000e+04 -4.199796602865710327e+00
6.431400000000000000e+04 -4.016348608418125465e+00
6.432400000000000000e+04 -5.027718456755888576e-01
6.433400000000000000e+04 -4.392052997573556716e-01
6.434400000000000000e+04 -5.717287341775779907e+00
6.441400000000000000e+04 -2.882095254970125087e+00
6.442400000000000000e+04 0.000000000000000000e+00
6.443400000000000000e+04 0.000000000000000000e+00
6.444400000000000000e+04 -4.088394870150482419e+00
6.511400000000000000e+04 -4.794451398064837555e+00
6.512400000000000000e+04 0.000000000000000000e+00
6.513400000000000000e+04 0.000000000000000000e+00
6.514400000000000000e+04 -6.501784951286012415e+00
6.521400000000000000e+04 -3.443807312811409282e+00
6.522400000000000000e+04 0.000000000000000000e+00
6.523400000000000000e+04 0.000000000000000000e+00
6.524400000000000000e+04 -6.458712080442809977e+00
6.531400000000000000e+04 -4.182594053137681733e+00
6.532400000000000000e+04 0.000000000000000000e+00
6.533400000000000000e+04 -2.392565484300324563e+00
6.534400000000000000e+04 -6.443895998568933692e+00
6.541400000000000000e+04 -6.294978168301335053e-01
6.542400000000000000e+04 0.000000000000000000e+00
6.543400000000000000e+04 0.000000000000000000e+00
6.544400000000000000e+04 -5.975062037879633747e-01
6.611400000000000000e+04 -6.162230474091343169e+00
6.612400000000000000e+04 -5.902605250466639752e+00
6.613400000000000000e+04 -8.193951983802623573e+00
6.614400000000000000e+04 -7.911919457043457449e+00
6.621400000000000000e+04 -2.558348826948422694e+00
6.622400000000000000e+04 -4.442041765408197840e+00
6.623400000000000000e+04 -5.862180626165360842e+00
6.624400000000000000e+04 -5.651107733869942251e+00
6.631400000000000000e+04 -5.339104736928685035e+00
6.632400000000000000e+04 -4.587760851061979395e+00
6.633400000000000000e+04 -6.394541372586057371e+00
6.634400000000000000e+04 -6.065749262902433436e+00
6.641400000000000000e+04 0.000000000000000000e+00
6.642400000000000000e+04 -5.981470390416602223e-01
6.643400000000000000e+04 0.000000000000000000e+00
6.644400000000000000e+04 0.000000000000000000e+00
7.111400000000000000e+04 0.000000000000000000e+00
7.112400000000000000e+04 0.000000000000000000e+00
7.113400000000000000e+04 0.000000000000000000e+00
7.114400000000000000e+04 0.000000000000000000e+00
7.121400000000000000e+04 0.000000000000000000e+00
7.122400000000000000e+04 -3.390997651173459637e-01
7.123400000000000000e+04 0.000000000000000000e+00
7.124400000000000000e+04 0.000000000000000000e+00
7.131400000000000000e+04 0.000000000000000000e+00
7.132400000000000000e+04 0.000000000000000000e+00
7.133400000000000000e+04 0.000000000000000000e+00
7.134400000000000000e+04 -1.772073810878172173e+00
7.141400000000000000e+04 0.000000000000000000e+00
7.142400000000000000e+04 0.000000000000000000e+00
7.143400000000000000e+04 0.000000000000000000e+00
7.144400000000000000e+04 0.000000000000000000e+00
7.211400000000000000e+04 0.000000000000000000e+00
7.212400000000000000e+04 0.000000000000000000e+00
7.213400000000000000e+04 0.000000000000000000e+00
7.214400000000000000e+04 0.000000000000000000e+00
7.221400000000000000e+04 0.000000000000000000e+00
7.222400000000000000e+04 -1.779738572834114185e+00
7.223400000000000000e+04 0.000000000000000000e+00
7.224400000000000000e+04 0.000000000000000000e+00
7.231400000000000000e+04 -1.004507349284033957e+00
7.232400000000000000e+04 -1.862923225911538916e+00
7.233400000000000000e+04 0.000000000000000000e+00
7.234400000000000000e+04 -2.318227976020153847e+00
7.241400000000000000e+04 0.000000000000000000e+00
7.242400000000000000e+04 0.000000000000000000e+00
7.243400000000000000e+04 0.000000000000000000e+00
7.244400000000000000e+04 0.000000000000000000e+00
7.311400000000000000e+04 0.000000000000000000e+00
7.312400000000000000e+04 0.000000000000000000e+00
7.313400000000000000e+04 0.000000000000000000e+00
7.314400000000000000e+04 0.000000000000000000e+00
7.321400000000000000e+04 0.000000000000000000e+00
7.322400000000000000e+04 0.000000000000000000e+00
7.323400000000000000e+04 -4.203244817360096142e-01
7.324400000000000000e+04 -9.127356451746764243e-01
7.331400000000000000e+04 0.000000000000000000e+00
7.332400000000000000e+04 -1.642840969073860569e+00
7.333400000000000000e+04 0.000000000000000000e+00
7.334400000000000000e+04 -2.651862346600085907e+00
7.341400000000000000e+04 0.000000000000000000e+00
7.342400000000000000e+04 0.000000000000000000e+00
7.343400000000000000e+04 0.000000000000000000e+00
7.344400000000000000e+04 0.000000000000000000e+00
7.411400000000000000e+04 0.000000000000000000e+00
7.412400000000000000e+04 0.000000000000000000e+00
7.413400000000000000e+04 0.000000000000000000e+00
7.414400000000000000e+04 0.000000000000000000e+00
7.421400000000000000e+04 -1.106171097541361004e+00
7.422400000000000000e+04 -2.129487385183166936e-01
7.423400000000000000e+04 0.000000000000000000e+00
7.424400000000000000e+04 -5.099421610542220762e-01
7.431400000000000000e+04 0.000000000000000000e+00
7.432400000000000000e+04 -1.466858285381671845e+00
7.433400000000000000e+04 0.000000000000000000e+00
7.434400000000000000e+04 -2.520922965106485059e+00
7.441400000000000000e+04 0.000000000000000000e+00
7.442400000000000000e+04 0.000000000000000000e+00
7.443400000000000000e+04 0.000000000000000000e+00
7.444400000000000000e+04 0.000000000000000000e+00
7.511400000000000000e+04 0.000000000000000000e+00
7.512400000000000000e+04 0.000000000000000000e+00
7.513400000000000000e+04 0.000000000000000000e+00
7.514400000000000000e+04 -1.044803275961474709e+00
7.521400000000000000e+04 -6.957938438498328937e-01
7.522400000000000000e+04 0.000000000000000000e+00
7.523400000000000000e+04 0.000000000000000000e+00
7.524400000000000000e+04 -1.885670531632706037e+00
7.531400000000000000e+04 -2.967248476872234586e-01
7.532400000000000000e+04 -5.771206370469006419e-01
7.533400000000000000e+04 0.000000000000000000e+00
7.534400000000000000e+04 -5.082646174900601332e-01
7.541400000000000000e+04 0.000000000000000000e+00
7.542400000000000000e+04 0.000000000000000000e+00
7.543400000000000000e+04 0.000000000000000000e+00
7.544400000000000000e+04 0.000000000000000000e+00
7.611400000000000000e+04 0.000000000000000000e+00
7.612400000000000000e+04 0.000000000000000000e+00
7.613400000000000000e+04 0.000000000000000000e+00
7.614400000000000000e+04 -1.041369442602198880e+00
7.621400000000000000e+04 0.000000000000000000e+00
7.622400000000000000e+04 0.000000000000000000e+00
7.623400000000000000e+04 0.000000000000000000e+00
7.624400000000000000e+04 -1.755579985931207121e+00
7.631400000000000000e+04 0.000000000000000000e+00
7.632400000000000000e+04 0.000000000000000000e+00
7.633400000000000000e+04 0.000000000000000000e+00
7.634400000000000000e+04 -2.272310660875892729e+00
7.641400000000000000e+04 0.000000000000000000e+00
7.642400000000000000e+04 0.000000000000000000e+00
7.643400000000000000e+04 0.000000000000000000e+00
7.644400000000000000e+04 0.000000000000000000e+00
8.111400000000000000e+04 0.000000000000000000e+00
8.112400000000000000e+04 0.000000000000000000e+00
8.113400000000000000e+04 0.000000000000000000e+00
8.114400000000000000e+04 0.000000000000000000e+00
8.121400000000000000e+04 0.000000000000000000e+00
8.122400000000000000e+04 0.000000000000000000e+00
8.123400000000000000e+04 0.000000000000000000e+00
8.124400000000000000e+04 0.000000000000000000e+00
8.131400000000000000e+04 0.000000000000000000e+00
8.132400000000000000e+04 0.000000000000000000e+00
8.133400000000000000e+04 0.000000000000000000e+00
8.134400000000000000e+04 0.000000000000000000e+00
8.141400000000000000e+04 0.000000000000000000e+00
8.142400000000000000e+04 0.000000000000000000e+00
8.143400000000000000e+04 0.000000000000000000e+00
8.144400000000000000e+04 0.000000000000000000e+00
8.211400000000000000e+04 0.000000000000000000e+00
8.212400000000000000e+04 0.000000000000000000e+00
8.213400000000000000e+04 0.000000000000000000e+00
8.214400000000000000e+04 0.000000000000000000e+00
8.221400000000000000e+04 0.000000000000000000e+00
8.222400000000000000e+04 0.000000000000000000e+00
8.223400000000000000e+04 0.000000000000000000e+00
8.224400000000000000e+04 0.000000000000000000e+00
8.231400000000000000e+04 -3.130294328528185233e+00
8.232400000000000000e+04 -1.305212174331934927e+00
8.233400000000000000e+04 0.000000000000000000e+00
8.234400000000000000e+04 0.000000000000000000e+00
8.241400000000000000e+04 0.000000000000000000e+00
8.242400000000000000e+04 0.000000000000000000e+00
8.243400000000000000e+04 0.000000000000000000e+00
8.244400000000000000e+04 0.000000000000000000e+00
8.311400000000000000e+04 0.000000000000000000e+00
8.312400000000000000e+04 0.000000000000000000e+00
8.313400000000000000e+04 0.000000000000000000e+00
8.314400000000000000e+04 0.000000000000000000e+00
8.321400000000000000e+04 0.000000000000000000e+00
8.322400000000000000e+04 -1.110902395190753317e-01
8.323400000000000000e+04 0.000000000000000000e+00
8.324400000000000000e+04 0.000000000000000000e+00
8.331400000000000000e+04 -1.176710169189166155e+00
8.332400000000000000e+04 0.000000000000000000e+00
8.333400000000000000e+04 0.000000000000000000e+00
8.334400000000000000e+04 0.000000000000000000e+00
8.341400000000000000e+04 0.000000000000000000e+00
8.342400000000000000e+04 0.000000000000000000e+00
8.343400000000000000e+04 0.000000000000000000e+00
8.344400000000000000e+04 0.000000000000000000e+00
8.411400000000000000e+04 0.000000000000000000e+00
8.412400000000000000e+04 0.000000000000000000e+00
8.413400000000000000e+04 0.000000000000000000e+00
8.414400000000000000e+04 0.000000000000000000e+00
8.421400000000000000e+04 0.000000000000000000e+00
8.422400000000000000e+04 0.000000000000000000e+00
8.423400000000000000e+04 0.000000000000000000e+00
8.424400000000000000e+04 -7.560312617334722374e-01
8.431400000000000000e+04 0.000000000000000000e+00
8.432400000000000000e+04 0.000000000000000000e+00
8.433400000000000000e+04 0.000000000000000000e+00
8.434400000000000000e+04 0.000000000000000000e+00
8.441400000000000000e+04 0.000000000000000000e+00
8.442400000000000000e+04 0.000000000000000000e+00
8.443400000000000000e+04 0.000000000000000000e+00
8.444400000000000000e+04 0.000000000000000000e+00
8.511400000000000000e+04 0.000000000000000000e+00
8.512400000000000000e+04 0.000000000000000000e+00
8.513400000000000000e+04 0.000000000000000000e+00
8.514400000000000000e+04 0.000000000000000000e+00
8.521400000000000000e+04 0.000000000000000000e+00
8.522400000000000000e+04 -2.000000000000000111e-01
8.523400000000000000e+04 0.000000000000000000e+00
8.524400000000000000e+04 -2.453467242588003028e-01
8.531400000000000000e+04 -4.030552804645801124e-01
8.532400000000000000e+04 0.000000000000000000e+00
8.533400000000000000e+04 0.000000000000000000e+00
8.534400000000000000e+04 0.000000000000000000e+00
8.541400000000000000e+04 0.000000000000000000e+00
8.542400000000000000e+04 0.000000000000000000e+00
8.543400000000000000e+04 0.000000000000000000e+00
8.544400000000000000e+04 0.000000000000000000e+00
8.611400000000000000e+04 0.000000000000000000e+00
8.612400000000000000e+04 0.000000000000000000e+00
8.613400000000000000e+04 0.000000000000000000e+00
8.614400000000000000e+04 0.000000000000000000e+00
8.621400000000000000e+04 0.000000000000000000e+00
8.622400000000000000e+04 0.000000000000000000e+00
8.623400000000000000e+04 0.000000000000000000e+00
8.624400000000000000e+04 0.000000000000000000e+00
8.631400000000000000e+04 0.000000000000000000e+00
8.632400000000000000e+04 0.000000000000000000e+00
8.633400000000000000e+04 0.000000000000000000e+00
8.634400000000000000e+04 -2.837448534177495207e-01
8.641400000000000000e+04 0.000000000000000000e+00
8.642400000000000000e+04 0.000000000000000000e+00
8.643400000000000000e+04 0.000000000000000000e+00
8.644400000000000000e+04 0.000000000000000000e+00
