[<tf.Variable 'dense/kernel:0' shape=(5, 19) dtype=float32, numpy=
array([[ 0.0915973 , -0.35595626,  0.05340029, -0.21950932, -0.25788546,
        -0.17791724, -0.3256273 ,  0.29921192,  0.2790368 , -0.32882342,
        -0.36083344,  0.4974393 , -0.01772227,  0.36341184,  0.13608679,
        -0.38981575, -0.2091437 ,  0.17432447, -0.19749925],
       [-0.2479735 , -0.41627908,  0.04843136, -0.43668848,  0.38500676,
         0.2310032 , -0.00320112, -0.1775507 ,  0.20927781,  0.19773433,
        -0.07863797, -0.00883228, -0.01612999, -0.42165264, -0.12198419,
        -0.18081222,  0.14537245,  0.36197948, -0.27396092],
       [ 0.28704664, -0.16347891, -0.08399665, -0.1542283 ,  0.3601636 ,
         0.32551432, -0.01405472,  0.19850193,  0.36580715, -0.41451445,
        -0.03073747,  0.14530529,  0.10920648, -0.07235354,  0.33712265,
         0.47259098,  0.30820748,  0.07558165,  0.35935092],
       [ 0.11482231, -0.36528754, -0.23053558,  0.33373472,  0.11143882,
         0.07635757, -0.2424369 ,  0.35599667, -0.482578  ,  0.30836913,
        -0.31823492, -0.04016396, -0.2846935 ,  0.35419315, -0.29549348,
         0.19444491,  0.11283424, -0.17419904, -0.4269188 ],
       [-0.2392007 , -0.02070742,  0.2939638 ,  0.25573805, -0.17412367,
        -0.10809506, -0.23391168, -0.41205826,  0.06713926,  0.10037552,
         0.07752025,  0.3468688 , -0.06844331, -0.3686193 ,  0.02491116,
        -0.01329343, -0.34017968,  0.20299685,  0.167761  ]],
      dtype=float32)>]
layer 1 -----
[<tf.Variable 'dense_1/kernel:0' shape=(19, 1) dtype=float32, numpy=
array([[-0.5162955 ],
       [ 0.03959797],
       [ 0.22753018],
       [-0.36002222],
       [ 0.21891473],
       [-0.00696016],
       [-0.16104425],
       [-0.01176888],
       [-0.04458257],
       [-0.25274882],
       [ 0.5071587 ],
       [ 0.23804396],
       [-0.3479941 ],
       [-0.17643753],
       [-0.21733525],
       [ 0.31141016],
       [ 0.4054202 ],
       [-0.49367568],
       [ 0.5376437 ]], dtype=float32)>, <tf.Variable 'dense_1/bias:0' shape=(1,) dtype=float32, numpy=array([0.02382405], dtype=float32)>]
