_________________________________________________________________
layer 0 -----
[<tf.Variable 'dense/kernel:0' shape=(5, 19) dtype=float32, numpy=
array([[ 0.38962093,  0.01564493,  0.05220775, -0.2988064 , -0.21268456,
         0.43950045,  0.44802395,  0.14305608, -0.25699633,  0.2734162 ,
        -0.10359538, -0.04550669,  0.4278194 , -0.4227562 ,  0.02408154,
        -0.22357057, -0.22970699,  0.33604574, -0.07953452],
       [ 0.07345782,  0.21813665, -0.36333254, -0.13145205,  0.36565346,
        -0.3883761 , -0.23258644, -0.2040293 ,  0.21133703, -0.24840377,
        -0.43682656, -0.45408794,  0.1522431 , -0.17744507, -0.17829311,
        -0.24641143, -0.347289  , -0.02606308, -0.21889259],
       [ 0.29555288,  0.3148588 ,  0.4581273 , -0.06691945,  0.08419183,
         0.08022039, -0.0468654 ,  0.19796547, -0.14620318, -0.29104182,
         0.04965398,  0.01143752, -0.45059627, -0.19826265,  0.35552543,
        -0.11195894, -0.4295528 ,  0.07058797,  0.3240739 ],
       [-0.28076142,  0.3639805 ,  0.07517017,  0.43838462, -0.46148694,
         0.04242544, -0.41009614, -0.4189843 , -0.41450334,  0.35041365,
         0.07665775, -0.17520204,  0.2122125 , -0.07388496,  0.07658962,
        -0.06570645,  0.15584059,  0.49911967,  0.09714256],
       [ 0.00591672,  0.366241  ,  0.03879609, -0.07660969,  0.293641  ,
         0.35513481,  0.27743292, -0.30812684, -0.30973575, -0.06095991,
        -0.3536967 , -0.32996213, -0.2870444 , -0.40487158, -0.49362364,
        -0.18084711,  0.33424792,  0.01966968,  0.3281422 ]],
      dtype=float32)>]
layer 1 -----
[<tf.Variable 'dense_1/kernel:0' shape=(19, 1) dtype=float32, numpy=
array([[ 0.19762051],
       [ 0.3389546 ],
       [ 0.06340671],
       [ 0.4348975 ],
       [-0.3488101 ],
       [-0.32911688],
       [-0.02783243],
       [ 0.08537178],
       [-0.4713542 ],
       [-0.05802872],
       [-0.08134887],
       [ 0.12486106],
       [ 0.536606  ],
       [-0.3433265 ],
       [-0.10829201],
       [ 0.08268696],
       [-0.35175657],
       [-0.31725967],
       [ 0.1688512 ]], dtype=float32)>, <tf.Variable 'dense_1/bias:0' shape=(1,) dtype=float32, numpy=array([0.02506104], dtype=float32)>]