layer 0 -----
[<tf.Variable 'dense/kernel:0' shape=(5, 19) dtype=float32, numpy=
array([[ 0.21710324,  0.04695702,  0.13738388, -0.19688557,  0.01340962,
        -0.20634848,  0.2559848 , -0.38038185, -0.20548245,  0.1073968 ,
        -0.34726843,  0.15579917,  0.4667594 ,  0.08730431, -0.00605422,
        -0.49329132,  0.44432408, -0.1242239 ,  0.20405456],
       [-0.52434194,  0.37683073, -0.05379871, -0.37219453,  0.1969585 ,
        -0.07418031, -0.07284989, -0.23175047, -0.04721674,  0.33291197,
        -0.34090853, -0.4455332 ,  0.4159767 ,  0.18805988,  0.16409796,
         0.0176839 , -0.05255105, -0.42138582, -0.33435723],
       [ 0.02471207, -0.06842715, -0.04663999,  0.06134359, -0.31617665,
        -0.14458972, -0.17136061,  0.11213525,  0.23293889,  0.33155614,
        -0.06763091,  0.38085622,  0.2897244 , -0.05977382,  0.09746942,
         0.2677876 , -0.23644929,  0.01611777,  0.23242751],
       [-0.46948963,  0.1942433 , -0.11119179, -0.39563125,  0.4509549 ,
        -0.01234523,  0.19022013, -0.07668396, -0.3219801 , -0.12284292,
        -0.31250703, -0.25591865, -0.29809383, -0.3716299 , -0.52242374,
         0.03391841,  0.08715459,  0.26775262,  0.12469207],
       [-0.01879374, -0.18719183,  0.21447243,  0.28827462, -0.02586215,
        -0.4945243 , -0.2153425 , -0.1233016 , -0.20257524, -0.41221866,
         0.21566619,  0.12107202, -0.36081514, -0.30140582, -0.35103014,
        -0.4428033 , -0.02937431, -0.11627578,  0.03429191]],
      dtype=float32)>]
layer 1 -----
[<tf.Variable 'dense_1/kernel:0' shape=(19, 1) dtype=float32, numpy=
array([[-0.02249453],
       [-0.08098888],
       [-0.2779363 ],
       [-0.24853304],
       [-0.17161843],
       [ 0.06691692],
       [ 0.05703547],
       [-0.1747636 ],
       [ 0.09521091],
       [ 0.39093757],
       [ 0.28583452],
       [ 0.13936011],
       [-0.5379037 ],
       [ 0.34731403],
       [ 0.2101901 ],
       [ 0.43320242],
       [-0.13607004],
       [-0.4301634 ],
       [ 0.33038452]], dtype=float32)>, <tf.Variable 'dense_1/bias:0' shape=(1,) dtype=float32, numpy=array([-0.06686183], dtype=float32)>]
