layer 0 -----
[<tf.Variable 'dense/kernel:0' shape=(5, 19) dtype=float32, numpy=
array([[ 0.18094905,  0.126205  , -0.074934  ,  0.4396066 ,  0.24584392,
        -0.46186742, -0.15708175, -0.20023207, -0.2005949 ,  0.21599735,
        -0.2618457 ,  0.36265105,  0.19656095, -0.35965696,  0.36229384,
         0.4296475 ,  0.02353127, -0.363779  ,  0.15380028],
       [ 0.29475492, -0.18082143, -0.22195527,  0.4245848 ,  0.24606384,
        -0.00634715,  0.26163688,  0.16560312, -0.05601141, -0.29336804,
        -0.34738964,  0.10453352, -0.2373525 ,  0.43414816,  0.28936204,
         0.36824018, -0.5284899 , -0.17471933,  0.07410019],
       [-0.32047567,  0.37266394, -0.12882198, -0.38567963, -0.11427746,
         0.11422772, -0.19260989, -0.01135755,  0.3112229 , -0.41407934,
        -0.13696977, -0.30474165, -0.27437136,  0.42948848,  0.40480608,
         0.5042102 , -0.11266939, -0.15473436, -0.13007706],
       [-0.37722814, -0.22374356, -0.41215616, -0.29211736,  0.38270462,
        -0.23863013,  0.17091523, -0.01622327, -0.04727766, -0.26842913,
         0.11583757,  0.04327941, -0.40464208, -0.4177746 , -0.4245008 ,
         0.28812537, -0.46900612,  0.41657147,  0.25756067],
       [ 0.08452423, -0.15052842, -0.45046437, -0.28648177,  0.04602895,
        -0.3821725 ,  0.34132087, -0.19799551,  0.28754506,  0.33780792,
        -0.33408356,  0.24493271, -0.14594498, -0.01862649,  0.44522902,
        -0.05069255, -0.23848368,  0.49826217, -0.34725705]],
      dtype=float32)>]
layer 1 -----
[<tf.Variable 'dense_1/kernel:0' shape=(19, 1) dtype=float32, numpy=
array([[-0.5683888 ],
       [-0.11413749],
       [ 0.11928719],
       [ 0.23514341],
       [ 0.42951447],
       [ 0.33959356],
       [ 0.2741485 ],
       [ 0.1522067 ],
       [-0.10166858],
       [-0.24420905],
       [ 0.17046835],
       [-0.42454848],
       [-0.3903288 ],
       [-0.08972368],
       [ 0.28585476],
       [-0.08450444],
       [ 0.15481621],
       [-0.53679883],
       [ 0.45922375]], dtype=float32)>, <tf.Variable 'dense_1/bias:0' shape=(1,) dtype=float32, numpy=array([-0.04468813], dtype=float32)>]
